100000.0	0.013318949	0.01765
106779.0	0.014333917331589665	0.01841977
112163.2	0.015140052822214398	0.01901905
115960.0	0.015708518932463646	0.01943562
115960.3	0.015708563849191698	0.01943565
120752.7	0.016426093607608914	0.01995472
121746.8	0.016574932672136618	0.02006148
129409.9227	0.017722274	0.020873864599323656
130000.0	0.01781313403333693	0.02093642
138668.0	0.019147831655096807	0.02183469
143216.4	0.019848193752790927	0.02229817
147914.0	0.020571529648958354	0.0227715
150000.0	0.020892731683913486	0.02298
159687.2	0.022384365601946753	0.0254647
164187.1	0.023077259675338226	0.02665253
167606.2046	0.023603733	0.02757336311676409
170000.0	0.023980886958777217	0.02821806
184390.9	0.02624824234987165	0.03224211
200000.0	0.028707531	0.03684
212264.5737	0.032298788	0.04086075296865323
215115.3	0.033184259377706096	0.04179532
221336.4	0.03511661113937731	0.04391113
225525.303	0.036417737	0.045367970191826965
228640.9	0.03744669987353363	0.04645153
232843.6	0.03883469141050064	0.04794046
240488.1538	0.041359396	0.05071742487933642
244706.6	0.0428408978347861	0.05224982
252832.4	0.045694647068118696	0.0552916
255737.2698	0.046714826	0.05640839763231255
263174.7	0.049487495276087146	0.05926777
271080.6	0.05243480979741432	0.06238561
271387.5163	0.052549228	0.06250958911224153
280984.7	0.056339912025569275	0.06638638
283373.0	0.057283239874786854	0.06736682
288150.7657	0.059170356	0.06937630911637252
300000.0	0.06412983427976969	0.07436
302116.23	0.065015579	0.07525557850203202
307677.0	0.06752535890623691	0.07760887
320293.2538	0.073219538	0.08312021620139069
328538.5	0.07718156376750483	0.08672211
340538.4855	0.082947826	0.09217600100299833
345107.7	0.08528549931229062	0.09425267
350814.5	0.08820517709467096	0.0969055
361545.5937	0.093695353	0.10202419079383367
371541.5	0.09912966677852215	0.1067922
374600.8	0.10079286725716537	0.1082846
382961.5447	0.105338219	0.11247017329200842
400000.0	0.115097331	0.121
411314.2	0.12287739960930782	0.132269
420832.5524	0.129422576	0.14234726991966648
422948.7	0.13097448843089254	0.1445879
426001.0	0.13321294396812128	0.1479455
438695.5	0.14252266903359648	0.1624853
441322.6	0.144449297	0.16570639659322348
453278.2	0.15380668041323856	0.1803652
464719.4494	0.162761493	0.1954533366071193
468824.6	0.16618686794830645	0.200867
472871.0	0.16956322086233286	0.2064542
479729.0	0.17528559835452176	0.216166
486674.9882	0.181081394	0.226467858093209
493149.6	0.18674936959063165	0.2360706
500000.0	0.192746316	0.2467
510028.9	0.21018194300579027	0.2628264
510991.0548	0.211854686	0.26444225876549393
520259.0	0.22924112040346506	0.280007
523178.3573	0.234717762	0.28506604512527695
524916.6	0.23822565027049722	0.2880783
533806.2859	0.256165622	0.3040604326593063
537941.2	0.2650984207837442	0.3114943
544904.0857	0.280140585	0.3247432138343385
552826.6	0.29851836734096016	0.3398181
556977.5042	0.308147181	0.34822083462731807
568529.0516	0.33694652	0.3716047969305401
569232.6	0.33882786351817595	0.373029
581346.079	0.371220255	0.39908606974500216
584413.9	0.3800680952330041	0.4056852
594432.3145	0.408962001	0.428513360173783
600000.0	0.425842233	0.4412
623573.9	0.45772883668317116	0.4830004
643153.5528	0.484212729	0.5198765092030649
655926.0	0.5025417332700612	0.543932
673536.8	0.5278139793279032	0.5788574
684989.1	0.54424851628978	0.6022415
689435.0999	0.550628715	0.6115590284529344
700000.0	0.566287208	0.6337
726260.5026	0.629689035	0.7067129354937108
727119.2	0.6319103117683799	0.7091004
746209.5	0.6812930627717076	0.765591
752864.6485	0.698508588	0.7864167144708055
769780.7	0.7453075230845289	0.8393515
780706.5325	0.775534277	0.8751303340943397
781844.0	0.7789138474114208	0.8788552
783702.0	0.7844342177291833	0.8850468
783702.3	0.7844351090699236	0.8850478
791809.1	0.8085215127793086	0.9124008
800000.0	0.8328577890095354	0.9406
811491.9907	0.867002054	0.9722925018168759
817688.4	0.8867351467351356	0.9893809
835768.0	0.94431146329869	1.040692
835768.3	0.9443124186790619	1.040693
839448.7857	0.956033298	1.0515626150918604
868604.0	1.0551835976668353	1.137667
868604.6	1.0551856381313365	1.137669
871074.9263	1.06358666	1.1453274254096237
900000.0	1.16866346	1.235
930863.0	1.2485290887197413	1.311459
959984.0	1.3238868625572682	1.385443
961090.1853	1.32674939	1.3883294579260803
996636.0	1.4232532741742374	1.481082
1000000.0	1.43238625	1.49
1011805.0	1.4365551414812499	1.492165
1023750.0	1.4407734734375002	1.494334
1043530.0	1.4477587062625	1.497877
1043531.0	1.44775905940875	1.497877
1068430.0	1.4565520478874998	1.502255
1068435.0	1.45655381361875	1.502256
1088920.0	1.4637880145500002	1.50579
1096650.0	1.4665178350625	1.507109
1096652.0	1.4665185413550001	1.507109
1106590.0	1.4700281087875	1.508793
1106593.0	1.47002916822625	1.508794
1116590.0	1.4735595712875003	1.510474
1126680.0	1.4771228169500001	1.512156
1155800.0	1.4874064357499999	1.516939
1157554.0	1.4880258542725002	1.517224
1159310.0	1.4886459790875	1.517508
1159312.0	1.48864668538	1.517508
1194490.0	1.5010696641624999	1.523132
1200000.0	1.5030155	1.524
1229660.0	1.4927068930140464	1.510973
1263303.0	1.4810139575849015	1.4967
1300000.0	1.4682595762442556	1.481707
1336974.0	1.455408920994807	1.467168
1375000.0	1.4421926334274477	1.452772
1378693.855	1.4409088	1.4514139881551862
1396181.0	1.4352970290179008	1.444985
1400000.0	1.43407148	1.4436304432263698
1450000.0	1.429281740889287	1.425896
1465807.0	1.4277675127668261	1.42047
1500000.0	1.424492001778574	1.409
1553957.0	1.4193232027146392	1.415287
1600000.0	1.414912523557148	1.420502
1611286.56	1.41383133	1.421736052719687
1684609.0	1.4129962402813427	1.429753
1700000.0	1.4128209478898208	1.431392
1760684.0	1.4121298008891618	1.437731
1800000.0	1.41168202	1.441736
1884913.0	1.4324446665471	1.450133
1897367.0	1.4354898775288998	1.451336
1960878.0	1.4510193776626	1.457369
2000000.0	1.46058536	1.461
2071116.0	1.4385596645042	1.455909
2147104.0	1.4150250372848001	1.450677
2200000.0	1.39864235	1.44718353748301
2233183.0	1.3979253051896001	1.444992
2300000.0	1.39648147	1.440742
2348448.0	1.3954345668576	1.437745
2397916.0	1.3943656227392003	1.434754
2400000.0	1.39432059	1.4346300698961114
2423039.0	1.3952840948034	1.43326
2500000.0	1.39850265	1.42879
2567021.0	1.4013055084325998	1.425019
2598076.0	1.4026042471656	1.423307
2642186.0	1.4044489538316	1.420915
2700000.0	1.40686677	1.417846
2751603.0	1.4090248384218	1.415167
2795550.0	1.41086272833	1.412928
2800000.0	1.41104883	1.4127055357659541
2845318.0	1.407423435318	1.41044
2899624.0	1.4030790096239998	1.407778
2966161.0	1.3977561161610002	1.404592
3000000.0	1.39504903	1.403001
3058367.0	1.3854193296111372	1.396499
3110369.0	1.3768397610257779	1.390834
3177035.0	1.3658408471510897	1.383742
3233929.0	1.3564541701945223	1.377834
3250000.0	1.3538026905065235	1.376189
3298487.0	1.3458030454544427	1.371284
3366414.0	1.3345960850433491	1.364563
3388023.827	1.33103078	1.3624696254101114
3413528.0	1.3275282968250206	1.359999
3470935.0	1.3196446045513666	1.354542
3500000.0	1.3156531136890368	1.351822
3524689.35	1.31226253	1.3495458523196404
3558910.0	1.309463178679365	1.346391
3611270.0	1.3051799743817123	1.341656
3657715.0	1.3013806347406796	1.337528
3716985.0	1.2965321718162741	1.332355
3750000.0	1.2938314462645744	1.329517
3767328.0	1.2924139641394843	1.32804
3824196.0	1.287761991985189	1.323254
3886078.0	1.2826998596638113	1.318144
3942627.0	1.2780739826617498	1.313564
4000000.0	1.2733807	1.309
4029554.0	1.27287933648672	1.30552
4085559.0	1.2719292497451198	1.299028
4135201.0	1.27108710697168	1.293378
4199793.0	1.26999134761424	1.286172
4250000.0	1.2691396199999998	1.280681
4268306.0	1.2688290711580799	1.278702
4325086.0	1.2678658370684799	1.272643
4386761.0	1.2668195626324799	1.266191
4443020.0	1.2658651669536	1.260419
4500000.0	1.26489854	1.254679
4559657.0	1.2573094692268199	1.248562
4612506.0	1.25058645597956	1.243275
4679850.0	1.242019508561	1.23671
4736969.0	1.23475330118394	1.23129
4750000.0	1.233095605	1.230073
4801401.0	1.22655679435226	1.225341
4868763.0	1.21798755712238	1.219295
4873397.0	1.2173980579192198	1.218885
4915233.0	1.21207602756458	1.215224
4971583.0	1.20490764601558	1.210394
5000000.0	1.20129267	1.208001
5086368.0	1.2083633340092799	1.224927
5125000.0	1.21152600875	1.232483
5159799.0	1.2143748883912902	1.239506
5242824.0	1.2211718719890399	1.256231
5250000.0	1.2217593475	1.257674
5329843.0	1.22829583122653	1.274484
5373546.0	1.23187365205366	1.283669
5390000.0	1.2332206869000002	1.287125
5463086.0	1.2392039972670599	1.302456
5500000.0	1.242226025	1.310188
5620951.0	1.2521278854412101	1.334691
5625000.0	1.25245936375	1.335536
5687157.0	1.25754795284347	1.34792
5748469.0	1.2625673645669901	1.360481
5750000.0	1.2626927025	1.360799
5837067.0	1.26982059133957	1.377697
5945190.0	1.2786722656248999	1.399563
6000000.0	1.28315938	1.411004
6181316.122	1.42140288	1.506030592947885
6213834.0	1.448123288882395	1.523073
6250000.0	1.4778414121757022	1.542251
6336010.0	1.5485170684400755	1.586497
6336014.0	1.5485203552977092	1.586499
6378048.537	1.58306074	1.608269187531759
6403176.0	1.604988013679466	1.621283
6500000.0	1.68948068	1.671779
6745369.0	1.75161679440891	1.811366
6871505.0	1.78355889356195	1.88304
7000000.0	1.816098375	1.956001
7500000.0	1.94271607	1.981681
8000000.0	1.94412717	2.005995
8372144.0	1.9451774347968003	1.992007
8500000.0	1.9455382700000001	1.987901
9000000.0	1.94694937	1.970997
9500000.0	1.929949355	1.945185
1.0E7	1.91294934	1.920994
1.0141082E7	1.90324545	1.913687927548
1.024113689E7	1.89636301	1.90850648501446
1.03856209E7	1.88682078	1.9010242360726
1.05E7	1.8792667860830627	1.895101
1.053214331E7	1.87714393	1.89353420649736
1.061378847E7	1.8717518	1.88955449481832
1.076352992E7	1.86233341	1.88225549757952
1.091538395E7	1.85278215	1.8748535247412004
1.1E7	1.84746	1.870729
1.11551902E7	1.851437	1.863516252657552
1.124722E7	1.8537954135984416	1.859239
1.131256985E7	1.85547011	1.8562695863711527
1.146912674E7	1.85948214	1.8491558414604001
1.15E7	1.860239119887666	1.847753
1.15994E7	1.862676303419111	1.843363
1.163093547E7	1.86344952	1.8419956232803294
1.179502704E7	1.86747288	1.8348806193589617
1.196143364E7	1.871553	1.8276652358292562
1.2E7	1.8724986070538339	1.825993
1.213018794E7	1.87569068	1.83799268280568
1.221059571E7	1.8776622	1.84540402778212
1.225E7	1.878578556389138	1.849036
1.238286524E7	1.88166837	1.86126013354096
1.25E7	1.884392367604718	1.872037
1.255756518E7	1.88573106	1.87725424739376
1.273472982E7	1.88985107	1.89331103304624
1.291439393E7	1.89402921	1.9095943506637603
1.3E7	1.89602	1.917353
1.31834066E7	1.92113753	1.9337268076216
1.336940074E7	1.94660943	1.95033162046424
1.35E7	1.9644949988294076	1.961991
1.355801892E7	1.97244069	1.9670732253163201
1.374929816E7	1.99863638	1.98382852162336
1.375E7	1.9987324970004556	1.98389
1.387329E7	2.0156170646884677	1.994769
1.394327601E7	2.02520165	2.00097334733115
1.4E7	2.03297	2.006002
1.41975148E7	2.04905498	2.02122708256164
1.424781E7	2.0531508617948835	2.025104
1.425E7	2.0533292084587957	2.025274
1.439781618E7	2.06536689	2.0368616059825597
1.449137675E7	2.07298617	2.044196006186
1.45E7	2.0736779622245733	2.044872
1.469582399E7	2.08938776	2.0597663726794
1.475E7	2.093733980750639	2.063887
1.487341E7	2.103634434896975	2.073367
1.490315562E7	2.10602075	2.075666240790742
1.5E7	2.11379	2.083152
1.5211623E7	2.11835259	2.099020951155475
1.524795E7	2.1191357998073226	2.101745
1.525E7	2.119179997789678	2.1019
1.542623162E7	2.12297955	2.11525412723712
1.55E7	2.124569996299374	2.120844
1.564386798E7	2.12767179	2.1315362682736
1.58645748E7	2.13243023	2.147939199136
1.6E7	2.13535	2.158004
1.62257312E7	2.13463217	2.146547333366885
1.637355E7	2.1341621077882333	2.139045
1.645464706E7	2.13390422	2.135018045158245
1.65E7	2.1337599981452673	2.132766
1.668679251E7	2.133166	2.1237271104411
1.692221312E7	2.13241736	2.1123351071232
1.7E7	2.13217	2.108571
1.72398394E7	2.12788887	2.097423264688
1.74830625E7	2.12354733	2.086118255
1.75E7	2.1232449958680193	2.085331
1.772971704E7	2.11914455	2.0750303718629843
1.787368E7	2.116574810611479	2.068575
1.797985144E7	2.11467965	2.0638934379290688
1.8E7	2.11432	2.063005
1.81608E7	2.1116266014563636	2.061134
1.82539476E7	2.11006638	2.0600693383101416
1.85E7	2.1059449957982936	2.057257
1.851147794E7	2.10575274	2.0571277795454175
1.877264158E7	2.10137825	2.054187558192007
1.899342E7	2.0976802148976934	2.051702
1.9E7	2.09757	2.051631339492282
1.912221295E7	2.07321815	2.0503189338544754
1.933798022E7	2.0312807	2.04800187840657
1.95E7	2.0006503139251066	2.046262
1.95014019E7	2.00038528	2.0462472351892003
1.962487384E7	1.97752248	2.04494682871712
1.981154908E7	1.94371729	2.04298076508944
2.0E7	1.91049	2.040996
2.0282164E7	1.9342736	 
2.056830883E7	1.95839275	 
2.085849064E7	1.98285218	 
2.1E7	1.99478	 
2.12962722E7	2.0064709	 
2.159672427E7	2.01832674	 
2.190141517E7	2.03034984	 
2.2E7	2.03424	 
2.23103804E7	2.03607435	 
2.262513971E7	2.03793458	 
2.29443397E7	2.03982105	 
2.3E7	2.04015	 
2.33244886E7	2.03962433	 
2.365355515E7	2.03909124	 
2.398726424E7	2.03855063	 
2.4E7	2.03853	 
2.43385968E7	2.03768012	 
2.468197059E7	2.03681825	 
2.5E7	2.03602	 
2.5352705E7	2.03484197	 
2.571038603E7	2.03364731	 
2.6E7	2.03268	 
2.63668132E7	2.0311724	 
2.673880147E7	2.02964353	 
2.7E7	2.02857	 
2.73809214E7	2.02673396	 
2.776721692E7	2.02487201	 
2.8E7	2.02375	 
2.83950296E7	2.02159709	 
2.879563236E7	2.0194138	 
2.9E7	2.0183	 
2.94091378E7	2.01582881	 
2.98240478E7	2.01332275	 
3.0E7	2.01226	 
