100000.0	4.50595E-5	5.3938E-5
100326.6	4.547186485164656E-5	5.5009E-5
100979.7	4.629646829503408E-5	5.6528E-5
101410.82	4.68408E-5	5.7740662502551556E-5
101959.5	4.753355100069957E-5	5.9284E-5
102841.5441	4.86472E-5	6.147982593064378E-5
103265.8	4.918288952651824E-5	6.2536E-5
104292.4532	5.04792E-5	6.479876330733018E-5
105000.0	5.1372518355789826E-5	6.635821E-5
105763.832	5.23369E-5	6.804171033847204E-5
105878.3	5.248142940222057E-5	6.8294E-5
107255.9693	5.42209E-5	7.141017349066039E-5
107837.7	5.4955373170695765E-5	7.2726E-5
107837.8	5.4955499427255836E-5	7.272625E-5
108769.158	5.61314E-5	7.507977925930177E-5
109144.0	5.660468735304776E-5	7.6027E-5
109470.6	5.701706283259753E-5	7.6906E-5
109640.8	5.723196273039107E-5	7.8026E-5
110000.0	5.76855E-5	7.8814E-5
110359.2	5.909702294410341E-5	7.9881E-5
111077.7	6.192046179526799E-5	8.1551E-5
111551.902	6.37839E-5	8.312650306075582E-5
112514.6	6.756692373350052E-5	8.6325E-5
113125.6985	6.99683E-5	8.856140390090004E-5
114670.0	7.603684368267544E-5	9.4213E-5
114721.6985	7.624E-5	9.44172858394394E-5
115000.0	7.733360958101328E-5	9.551699E-5
116340.2152	8.26001E-5	1.0081280770557253E-4
116825.4	8.450669611595566E-5	1.0273E-4
117981.5662	8.905E-5	1.0769197158168239E-4
118980.7	9.297622699051822E-5	1.1198E-4
119646.0737	9.55909E-5	1.1505451730549755E-4
119699.2	9.579966679139133E-5	1.153E-4
120000.0	9.69817E-5	1.1771E-4
120783.8	1.0080457826701258E-4	1.2087E-4
121175.7	1.0271601740051883E-4	1.2234E-4
121692.984	1.05239E-4	1.2507018944413726E-4
123409.853	1.13614E-4	1.3413170617530728E-4
123527.0	1.1418537302890807E-4	1.3475E-4
125000.0	1.213697863863275E-4	1.427686E-4
125150.9438	1.22106E-4	1.4359029571826677E-4
126916.5984	1.30718E-4	1.532020242209153E-4
127054.0	1.313882162588149E-4	1.5395E-4
128707.1631	1.39452E-4	1.622436578917016E-4
129013.4	1.4094571501648812E-4	1.6378E-4
129797.2	1.447688135063286E-4	1.6739E-4
130000.0	1.45758E-4	1.695E-4
131273.6	1.4788637705949516E-4	1.734E-4
131834.066	1.48823E-4	1.7542641693557882E-4
132971.8	1.5072417671019097E-4	1.7954E-4
133694.0074	1.51931E-4	1.816936607813234E-4
135000.0	1.5411344533755974E-4	1.855882E-4
135094.5	1.5427136436742207E-4	1.8587E-4
135580.1892	1.55083E-4	1.8701972946884936E-4
136792.7	1.5710956442361443E-4	1.8989E-4
136792.8	1.5710973156145958E-4	1.898902E-4
137492.9816	1.5828E-4	1.911436542690852E-4
138066.3	1.592379057270714E-4	1.9217E-4
139340.0	1.613660155602302E-4	1.934E-4
139432.7601	1.61521E-4	1.9343513640151518E-4
140000.0	1.62469E-4	1.9365E-4
141371.6	1.5951889788459405E-4	1.9276E-4
142286.0	1.575521631409901E-4	1.9088E-4
143200.4	1.555854283973862E-4	1.8771E-4
144114.8	1.5361869365378226E-4	1.8302E-4
145000.0	1.5171476365045963E-4	1.768341E-4
145029.2	1.516519589101783E-4	1.7663E-4
145943.6	1.4968522416657434E-4	1.6843E-4
146858.0	1.477184894229704E-4	1.5852E-4
147772.4	1.4575175467936648E-4	1.4714E-4
148686.8	1.4378501993576255E-4	1.3474E-4
149000.0	1.431113745708273E-4	1.2609E-4
149008.6	1.4309287728430612E-4	1.254944E-4
149008.8	1.4309244711485216E-4	1.254806E-4
149029.0	1.43043E-4	1.240816205128211E-4
149032.2	1.4303612873326464E-4	1.2386E-4
149515.5	1.419983527291452E-4	1.2024E-4
150000.0	1.40958E-4	1.153124E-4
150488.9	1.3951598945000004E-4	1.1034E-4
151462.3	1.3664494615000004E-4	9.8112E-5
152435.6	1.3377419779999998E-4	8.7529E-5
153409.0	1.309031545E-4	7.8947E-5
154382.4	1.280321112E-4	7.2429E-5
155355.7	1.2516136284999998E-4	6.7801E-5
156329.1	1.2229031954999998E-4	6.474E-5
157302.5	1.1941927625E-4	6.2867E-5
158275.9	1.1654823295000001E-4	6.1824E-5
159249.2	1.1367748459999996E-4	6.1316E-5
160000.0	1.11463E-4	6.5517E-5
169322.8	8.169893549200003E-5	6.564E-5
170000.0	7.95369E-5	6.582769E-5
180000.0	6.85066E-5	6.859923E-5
185000.0	6.299145E-5	6.9985E-5
190000.0	5.7476300000000004E-5	7.137077E-5
200000.0	4.6446E-5	7.414231E-5
210000.0	6.38162E-5	7.691384E-5
220000.0	8.118639999999999E-5	7.968538E-5
230000.0	9.85566E-5	8.245692E-5
235000.0	1.0724170000000001E-4	8.384269E-5
240000.0	1.159268E-4	8.522846E-5
245000.0	1.246119E-4	8.661423E-5
250000.0	1.33297E-4	8.8E-5
260000.0	1.289882E-4	9.91E-5
270000.0	1.246794E-4	1.102E-4
280000.0	1.203706E-4	1.213E-4
300000.0	1.11753E-4	1.435E-4
308481.7	1.1118912852969453E-4	1.529147E-4
325000.1	1.1009096961165998E-4	1.712501E-4
340000.0	1.0909376201560789E-4	1.879E-4
349984.2439	1.0843E-4	1.9898251072900003E-4
350000.0	1.0849698895336302E-4	1.99E-4
350000.1	1.0849741411538502E-4	1.990001E-4
375000.0	2.147874944766815E-4	2.2675E-4
400000.0	3.21078E-4	2.545E-4
425000.0	3.02548E-4	2.8225E-4
435600.1	2.9469120588E-4	2.940161E-4
440000.0	2.9142999999999997E-4	2.989E-4
450000.0	2.84018E-4	3.1E-4
450000.1	2.8401843286599986E-4	3.099999E-4
475000.0	3.922345E-4	2.94055E-4
500000.0	5.00451E-4	2.7811E-4
520000.0	4.907641999999999E-4	6.5796E-4
520295.4	4.90621125964E-4	6.573609E-4
540000.0	4.810774E-4	6.174E-4
550000.0	4.76234E-4	6.3821E-4
570000.0	6.00118E-4	6.7983E-4
600000.0	7.85944E-4	0.0011985
640000.0	0.0011352568	0.00130026
650000.0	0.001222585	0.0013257
650000.1	0.0012225857757579997	0.001325701
680000.0	0.0014553124	0.001668
682991.9	0.0014785223036020002	0.001702138
700000.0	0.001610464	0.0018962
735031.4	0.0021958068154260004	0.002464619
740000.0	0.0022788276000000004	0.00254524
750000.0	0.0024459185000000002	0.0027075
779187.7	0.002933618406192999	0.003851191
800000.0	0.003281373	0.0046667
820000.0	0.004622086399999999	0.0055797
830142.7	0.005302009090108997	0.006042714
840000.0	0.0059627998	0.0064927
850000.0	0.0066331565	0.0069492
860000.0	0.0073035132	0.00839296
900000.0	0.00998494	0.014168
900000.2	0.009984971434249992	0.01416802
920000.0	0.013128365	0.0157505
931138.9	0.01381569193839	0.01663187
934493.0	0.0140226570143	0.01689726
940000.0	0.014362467	0.017333
940000.2	0.01436247934102	0.01733299
950000.0	0.014979518	0.01662799833864708
954145.9	0.014520920100679997	0.01633571
960000.0	0.013873370000000001	0.015923
960000.1	0.013873358938520005	0.015923
970223.8	0.012742466407759995	0.01611112
970404.5	0.012722478313400001	0.01611444
980000.0	0.011661074	0.016291
1000000.0	0.015924545	0.014592
1001456.0	0.015847744203199995	0.01545191
1001808.0	0.015829176977599998	0.0156598
1005000.0	0.015660806	0.017545
1008000.0	0.015502562599999999	0.017422
1020000.0	0.014869589	0.01636216
1020500.0	0.01485920355	0.016318
1032357.0	0.0146129229887	0.01732135
1035000.0	0.014558025500000002	0.017545
1040000.0	0.014454171	0.01868707
1041646.0	0.0150195833574	0.01906304
1049500.0	0.017717486549999998	0.020857
1060000.0	0.021324308999999996	0.02242983
1060857.0	0.0216186944133	0.0225582
1062213.0	0.0220844897697	0.02276132
1064000.0	0.022698336599999997	0.023029
1064151.0	0.0227502061419	0.02306523
1064764.0	0.0229607758716	0.0232123
1070000.0	0.024759378	0.02446850195799217
1076000.0	0.0258065154	0.025908
1080000.0	0.026504607	0.026842668440053202
1081263.0	0.026705759705399998	0.02713779
1090000.0	0.028097265	0.029179333572969087
1091000.0	0.028594295199999998	0.029413
1100000.0	0.033067567	0.031029
1105500.0	0.032544251350000004	0.032291
1110396.0	0.032078405273199995	0.03339813
1120000.0	0.031164601	0.03556987
1121000.0	0.031408955700000005	0.035796
1133624.0	0.0344936894328	0.03598165
1135542.0	0.0349623617474	0.03600985
1138000.0	0.0355629856	0.036046
1140000.0	0.036051695	0.03676563
1140513.0	0.036184941825200004	0.03695021
1154000.0	0.03968806059999999	0.041803
1155577.0	0.0400976712108	0.04200679
1155878.0	0.040175853071199995	0.04204569
1160000.0	0.041246503	0.04257835
1167929.0	0.044064655931499996	0.04360299
1169500.0	0.044623026249999996	0.043806
1172940.0	0.04584568309	0.04370409
1173834.0	0.046163431699	0.04367761
1180000.0	0.048354973	0.04349493973941368
1185500.0	0.048466920000000004	0.043332
1200000.0	0.048762053	0.042848
1220000.0	0.043714304	0.041033
1228966.0	0.045622921076500005	0.04173671
1237221.0	0.04738018562775	0.04238462
1238500.0	0.047652449875	0.042485
1240000.0	0.047971759	0.04272187
1244552.0	0.0492624039472	0.04344069
1248167.0	0.050287377911200005	0.04401155
1250000.0	0.050807095000000004	0.044301
1260000.0	0.053642431	0.05062782
1266244.0	0.05593531945870208	0.05457828
1272000.0	0.058049007153815634	0.05822
1274579.0	0.05899605381220652	0.05958079
1283958.0	0.06244016029109292	0.06452953
1289029.248	0.064302397	0.0672053323563534
1291099.0	0.06507523979388326	0.06829742
1291500.0	0.0652249726895863	0.068509
1300000.0	0.068398862	0.07452351
1311000.0	0.0719319597	0.082307
1320000.0	0.074822676	0.09003776923076923
1330500.0	0.0789441528	0.099057
1340000.0	0.082673108	0.1081691
1351000.0	0.1011479732	0.11872
1360000.0	0.116263772	0.13263850000000002
1371000.0	0.14082715645000002	0.14965
1380000.0	0.160924471	0.1677948780487805
1391500.0	0.182368567575	0.19098
1400000.0	0.198218552	0.19406
1415000.0	0.22087607765	0.22541
1438500.0	0.256372867835	0.27701
1440000.0	0.2586386204	0.2798993
1459500.0	0.288093403745	0.31746
1481000.0	0.32056919051	0.34664
1500000.0	0.349268723	0.3600563
1505500.0	0.35351948742999995	0.36394
1530000.0	0.37245471080000003	0.3795
1540000.0	0.38018337339999997	0.3838
1555000.0	0.3917763673	0.39025
1580000.0	0.41109802379999993	0.40923
1600000.0	0.426555349	0.42577
1605500.0	0.4280889740049999	0.42466
1634000.0	0.43603593993999995	0.42959
1640000.0	0.4377089854	0.4311085
1660000.0	0.4432858035999999	0.43617
1686500.0	0.450675087715	0.44806
1700000.0	0.45443944	0.4575558
1716000.0	0.46402512543999996	0.46881
1745500.0	0.48169873297	0.48164
1776000.0	0.4999714458400001	0.49203
1800000.0	0.514349974	0.48889
1806500.0	0.5165639923	0.50242
1840000.0	0.527974702	0.51859
1873000.0	0.5392151025999999	0.51961
1900000.0	0.548411794	0.5360675
1905500.0	0.5494616194249999	0.53942
1940000.0	0.556046888	0.53929
1945000.0	0.55700127475	0.5394731
1975500.0	0.562823033925	0.54059
2000000.0	0.567499529	0.53786
2100000.0	0.579678608	0.543715
2170000.0	0.584134794	0.5478135
2200000.0	0.586044588	0.54957
2240000.0	0.5866910044000001	0.54913
2300000.0	0.587660629	0.5484700000000001
2400000.0	0.5846016724496447	0.54737
2416929.84	0.584083796	0.546975534728
2500000.0	0.579126442	0.54504
2575000.0	0.57011794045	0.5432925
2600000.0	0.5671151066	0.54271
2689348.0	0.556383218646808	0.5412268
2760000.0	0.5478969699599999	0.540054
2800000.0	0.5430924358	0.53939
3000000.0	0.519069765	0.52624
3100000.0	0.5245811025284922	0.5301283
3400000.0	0.5411151151139689	0.5417933
3423983.94	0.542436951	0.54272587953099
3600000.0	0.5544207913233711	0.54957
4000000.0	0.581654307	0.55757
4250000.0	0.5817033945	0.560125
4500000.0	0.581752482	0.56268
4700000.0	0.5734378863999999	0.56063
5000000.0	0.560965993	0.54904
5300000.0	0.5253715900000001	0.55096
5500000.0	0.501641988	0.54765
5700000.0	0.5361257620000001	0.56083
5800000.0	0.5533676490000001	0.56742
6000000.0	0.587851423	0.61098
6179072.0	0.6740742912334721	0.6750072
6200000.0	0.6841510882000001	0.68249
6300000.0	0.7323009208	0.72762
6400000.0	0.7804507534	0.77275
6500000.0	0.828600586	0.81788
7000000.0	0.921167448	0.94391
7500000.0	0.9635255205	0.99351
7750000.0	0.9847045567499999	0.9961
7800000.0	0.988940364	1.0002
8000000.0	0.9980883966666666	1.0166
8500000.0	1.0209584783333332	1.0147
9000000.0	1.04382856	1.0168
9600000.0	1.021941424	1.01296
1.0E7	1.00735	1.0104
1.0141082E7	1.00222364	1.0102307016
1.028415441E7	0.997024965	1.010059014708
1.042924532E7	0.991752942	1.009884905616
1.05E7	0.9891819999512131	1.0098
1.05763832E7	0.98640654	1.00970834016
1.072559693E7	0.98098471	1.0095292836840002
1.08769158E7	0.975486388	1.0093477010400003
1.1E7	0.971014	1.0092
1.11551902E7	0.980391523	1.0079895354351285
1.131256985E7	0.989901346	1.0067619934282435
1.13268E7	0.9907612170795647	1.006651
1.147216985E7	0.999545336	1.0055170815972865
1.15E7	1.001226999782194	1.0053
1.163402152E7	1.00932538	1.000595844648
1.179815662E7	1.01924341	0.994834702638
1.196460737E7	1.02930137	0.988992281313
1.2E7	1.03144	0.98775
1.21692984E7	1.03910752	0.9941071549199999
1.23409853E7	1.04688322	1.000553998015
1.25E7	1.0540849955500171	1.006525
1.251509438E7	1.05476862	1.00709182415776
1.269165984E7	1.06276527	1.01372221031168
1.275E7	1.0654074966523808	1.015913
1.287071631E7	1.07087474	1.02044565600788
1.3E7	1.07673	1.0253
1.31834066E7	1.09203111	1.04828084698
1.336940074E7	1.1075481	1.0715859127220002
1.35E7	1.1184436398436883	1.08795
1.355801892E7	1.123284	1.095219770676
1.374929816E7	1.1392419	1.119187059448
1.394327601E7	1.15542494	1.143492484053
1.4E7	1.1601572695730884	1.1506
1.41E7	1.1685	1.15854
1.42E7	1.17202	1.16648
1.440033644E7	1.18899851	1.182386713336
1.45E7	1.1974449967872633	1.1903
1.460349927E7	1.20621656	1.2008983252479999
1.480952835E7	1.22367753	1.2219957030400002
1.5E7	1.23982	1.2415
1.5211623E7	1.25446643	1.257160102
1.542623162E7	1.26931949	1.27304113988
1.564386798E7	1.2843821	1.2891462305199999
1.58645748E7	1.29965722	1.3054785352
1.6E7	1.30903	1.3155
1.62257312E7	1.31356043	1.3165835097599998
1.645464706E7	1.31815477	1.3176823058879998
1.668679251E7	1.32281393	1.318796604048
1.692221312E7	1.32753882	1.3199266229760003
1.7E7	1.3291	1.3203
1.72398394E7	1.33405988	1.32010812848
1.74830625E7	1.33908973	1.31991355
1.75E7	1.33944	1.3199
1.77468935E7	1.34751342	1.3197024851999999
1.799727022E7	1.35570074	1.319502183824
1.8E7	1.35579	1.3195
1.82539476E7	1.36765443	1.3289722454800001
1.85E7	1.37915	1.33815
1.87610017E7	1.39679371	1.3478853634099996
1.9E7	1.41295	1.3568
1.92680558E7	1.43508605	1.3699079286200002
1.95E7	1.45424	1.38125
1.97751099E7	1.47058703	1.39470287411
2.0E7	1.48395	1.4057
2.0282164E7	1.50685607	1.4373588007999998
2.05E7	1.52454	1.4618
2.07892181E7	1.5451786	1.4942502708200003
2.1E7	1.56022	1.5179
2.12962722E7	1.58331146	1.5297508880000001
2.15E7	1.59919	1.5379
2.18033263E7	1.61401052	1.5500330519999999
2.2E7	1.62362	1.5579
2.23103804E7	1.63293762	1.57071871052
2.25E7	1.63863	1.57855
2.28174345E7	1.64504218	1.59166004485
2.3E7	1.64873	1.5992
2.33244886E7	1.65083269	1.5817425133199998
2.35E7	1.65197	1.5723
2.38315427E7	1.65361445	1.5544630027400004
2.4E7	1.65445	1.5454
2.43385968E7	1.65073221	1.55603193952
2.45E7	1.64896	1.5611
2.48456509E7	1.64649205	1.57195343826
2.5E7	1.64539	1.5768
2.5352705E7	1.64647633	1.5763767539999998
2.55E7	1.64693	1.5762
2.58597591E7	1.64352668	1.57576828908
2.6E7	1.6422	1.5756
2.63668132E7	1.6436966	1.57090479104
2.65E7	1.64424	1.5692
2.68738673E7	1.64930216	1.56441449856
2.7E7	1.65101	1.5628
2.73809214E7	1.65407261	1.5827983734999997
2.75E7	1.65503	1.58905
2.78879755E7	1.66277399	1.6094187137499998
2.8E7	1.66501	1.6153
2.83950296E7	1.67012958	1.61067815368
2.85E7	1.67149	1.60945
2.89020837E7	1.68360076	1.60474562071
2.9E7	1.68655	1.6036
2.94091378E7	1.69886505	1.6296620778600002
2.95E7	1.7016	1.63545
2.99161919E7	1.71331164	1.6619614240299998
3.0E7	1.71567	1.6673
