100000.0	1.58474476	1.5879
103477.3	1.5685571426302	1.572774
120000.0	1.49164024	1.5009
129851.0	1.4715802599812455	1.479819
140000.0	1.4509134508034627	1.4581
150000.0	1.4305500562051938	1.4367
151112.8	1.4282840176542986	1.434814
159322.874	1.41156552	1.4208977435034658
160000.0	1.410216043166759	1.41975
170000.0	1.3902865642626696	1.4028
171440.7	1.3874153242369571	1.40195
172123.6	1.3860543401225969	1.401547
172398.394	1.38550669	1.401384874191509
180000.0	1.36671962	1.3969
190000.0	1.36452863	1.3695
197965.0	1.3461072337549997	1.351499
200000.0	1.3414007	1.3469
210000.0	1.3350156555788726	1.3496
211481.361	1.3340698	1.34583734306
220000.0	1.32209176	1.3242
226390.5	1.3032994786604999	1.308224
230000.0	1.29268517	1.2992
235000.0	1.2902640557660285	1.304
240000.0	1.2878429415320571	1.2938
241692.984	1.28702316	1.29366456128
245000.0	1.2834475269271035	1.2934
250000.0	1.2780413948235751	1.2824
250199.2	1.2778260145205704	1.282043
260000.0	1.267229130616518	1.2645
260111.6	1.2671084657479672	1.264335
261834.066	1.26524609	1.2617857210559849
270000.0	1.2515600630404335	1.2497
271904.607	1.24836796	1.24674785915
280000.0	1.23802054	1.2342
292393.5	1.23231087314025	1.232031
295933.6	1.2306799543804	1.231412
300000.0	1.22880657	1.2307
320000.0	1.23555366	1.2348599833600666
325000.1	1.234841944385367	1.2359
332327.853	1.23379891	1.2300960504469773
334273.5	1.232997349075168	1.228555
339972.8	1.2306493711640176	1.224042
340000.0	1.2306381654020497	1.22402
350000.1	1.226518358775044	1.2161
358833.4	1.222879246378335	1.216983
368644.3	1.2188373857132526	1.217964
370583.6	1.2180384396035382	1.218158
375000.0	1.2162189863993196	1.2186
394912.6	1.2080154622904693	1.192315
400000.0	1.2059195728259409	1.1856
416559.1	1.1990976120538235	1.196728
422962.722	1.19645947	1.2010310179227333
425000.0	1.1946554212207097	1.2024
428586.5	1.1914795066194992	1.197063
435600.1	1.185268829177132	1.186627
436066.526	1.1848558	1.1859329635396259
440000.0	1.180726111065585	1.18008
440482.3	1.1802197523167872	1.179362
447628.8	1.1727167608212805	1.168728
450000.1	1.1702271723887199	1.1652
456450.5	1.1634550047062715	1.15875
470000.0	1.14922961	1.1451997772357916
473322.6	1.147448068129737	1.141877
475000.0	1.1465486645502572	1.1402
476332.5	1.145834192587901	1.140296
483385.968	1.1420522	1.1408039016673335
487081.4	1.1410915102004822	1.14107
500000.0	1.1377331025111925	1.142
512108.4	1.134585319960065	1.14091
520000.0	1.13253376560272	1.1402
534684.8	1.1287162044710428	1.127571
535516.4	1.1285000160423884	1.126856
540000.0	1.127334428694247	1.123
547618.428	1.12535389	1.1271900428716277
552762.1	1.1244429757767038	1.130019
570000.0	1.1213902445197812	1.1395
570437.6	1.1213127481195218	1.13907
590322.6	1.1177912309368079	1.119516
594161.919	1.11711131	1.1157407132903465
600000.0	1.1165512730429197	1.11
610689.6	1.1155258383056479	1.112159
619045.3	1.1147242905363932	1.113847
635887.3	1.1131086667670163	1.117249
640000.0	1.1127141426085838	1.11808
650000.0	1.11175486	1.1200999596008083
650000.2	1.1117548758003999	1.1201
700000.0	1.11570496	1.1168
720000.0	1.117285	1.12292
750000.0	1.11813738	1.1321
761000.0	1.1171078526	1.12737
800000.0	1.11345771	1.1106
823518.8	1.1144147605284	1.114833
825000.0	1.114475035	1.1151
850000.0	1.11549236	1.1196
900000.0	1.13934447	1.1437
900000.3	1.1393446919871748	1.1437
940000.0	1.16894276	1.1728997810000001
940000.3	1.16894312692295	1.1729
958000.0	1.190958137	1.19486
960000.0	1.19340429	1.1972997560243974
960000.2	1.1934043711456999	1.1973
980000.0	1.20151886	1.2065
1000000.0	1.1997942483333333	1.2029
1040000.0	1.1963450249999998	1.19934
1100000.0	1.19117119	1.194
1169000.0	1.199513350708242	1.201774
1250000.0	1.2093063219744395	1.2109
1400000.0	1.227441453948879	1.2279
1470393.996	1.23595215	1.2373327954639999
1555000.0	1.2469299561828127	1.24867
1600000.0	1.252768800412196	1.2547
1622573.12	1.25569771	1.256765529350551
1727000.0	1.2642812510462083	1.266321
1800000.0	1.2702816074331198	1.273
2000000.0	1.28672094	1.2885
2171000.0	1.2779726858331328	1.280976
2200000.0	1.2764890637814421	1.2797
2348902.188	1.26887132	1.269574651216
2370000.0	1.267881817296205	1.26814
2400000.0	1.2664747955105413	1.2661
2600000.0	1.2570946502727818	1.2569
2600001.0	1.2570946033720556	1.2569
2618340.66	1.25623446	1.255377800609003
2800000.0	1.2401385483451715	1.2403
2819751.48	1.23838847	1.2379595273817323
2927000.0	1.225416830025816	1.225251
3000000.0	1.2165875266646557	1.2166
3021162.3	1.21402796	1.2147941298938953
3344000.0	1.1867623676824375	1.187245
3600001.0	1.165141538086364	1.1654
3675394.76	1.15877408	1.160047026670051
3927000.0	1.1416408782550855	1.142183
4000000.0	1.1366699017866353	1.137
4028216.4	1.13474849	1.1358995604
4400000.0	1.1206181337926624	1.1214
4500000.0	1.11681744	1.1175
4700000.0	1.099162685449882	1.1012
4897000.0	1.0817727522180156	1.082748
4934565.09	1.07845674	1.079229281666796
5000000.0	1.0733055348646563	1.0731
5035270.5	1.07052895	1.0712424203333333
5300000.0	1.05658239	1.0573
5320737.0	1.0545504750549999	1.055289
5382000.0	1.04854762	1.049346
5500000.0	1.03698539	1.0379
5600000.0	1.0372864999999998	1.0382
5700000.0	1.0375876099999999	1.0385
5800000.0	1.03788872	1.0388
5850000.0	1.0511836575	1.052075
6000000.0	1.09106847	1.0919
6200000.0	1.17851512	1.1795
6400000.0	1.2813147599999999	1.282299
6500000.0	1.33271458	1.333699
6500002.0	1.3327154187552401	1.3337
7000000.0	1.54240339	1.5434
7400000.0	1.668817734	1.66988
7500000.0	1.70042132	1.7015
7750000.0	1.7394863283333333	1.7383
7760000.0	1.7410489286666666	1.74018
7800000.0	1.74729933	1.7477
8000000.0	1.7852631	1.7853
8400000.0	1.7913920359999997	1.79122
8500000.0	1.79292427	1.7927
9000000.0	1.780890635	1.7793
9370000.0	1.7719857450999998	1.771752
9500000.0	1.768857	1.7691
1.0E7	1.75854097	1.7589
1.01E7	1.756306	1.7566
1.02E7	1.754072	1.7543
1.03E7	1.751837	1.752
1.04E7	1.749602	1.7497
1.05E7	1.747368	1.7474
1.06E7	1.745133	1.7451
1.07E7	1.742899	1.7428
1.08E7	1.740664	1.7405
1.09E7	1.73843	1.7382
1.1E7	1.736195	1.7359
1.11E7	1.729566	1.72946
1.12E7	1.722936	1.72302
1.13E7	1.716307	1.7165800000000002
1.14E7	1.709677	1.71014
1.147E7	1.7050359999999998	1.705632
1.15E7	1.703047	1.7037
1.16E7	1.706786	1.70708
1.17E7	1.710524	1.71046
1.18E7	1.714263	1.71384
1.19E7	1.718001	1.71722
1.2E7	1.72174	1.7206
1.21E7	1.738182	1.73718
1.219311E7	1.7534911461999998	1.752618
1.22E7	1.754624	1.753760353872723
1.23E7	1.771066	1.7703402359151486
1.24E7	1.787509	1.7869201179575744
1.25E7	1.803951	1.8035
1.26E7	1.820393	1.8200800000000001
1.27E7	1.836835	1.8366600000000002
1.28E7	1.853277	1.85324
1.286E7	1.8631422	1.863188
1.29E7	1.869719	1.86982
1.3E7	1.886162	1.8864
1.31E7	1.905535	1.90566
1.32E7	1.924909	1.92492
1.33E7	1.944283	1.94418
1.34E7	1.963657	1.96344
1.35E7	1.983031	1.9827
1.36E7	2.002405	2.00196
1.37E7	2.021779	2.02122
1.38E7	2.041153	2.04048
1.39E7	2.060527	2.05974
1.4E7	2.0799	2.079
1.41E7	2.082143	2.0811800000000003
1.42E7	2.084386	2.08336
1.43E7	2.086629	2.08554
1.44E7	2.088871	2.08772
1.45E7	2.091114	2.0899
1.46E7	2.098138	2.09722
1.47E7	2.105162	2.10454
1.48E7	2.112186	2.11186
1.49E7	2.11921	2.11918
1.5E7	2.126234	2.1265
1.51E7	2.128953	2.12924
1.52E7	2.131672	2.13198
1.53E7	2.134392	2.13472
1.54E7	2.137111	2.13746
1.55E7	2.13983	2.1402
1.56E7	2.142549	2.14294
1.57E7	2.145268	2.14568
1.58E7	2.147987	2.14842
1.59E7	2.150706	2.15116
1.6E7	2.153425	2.1539
1.600001E7	2.1534244445801023	2.1539
1.62257312E7	2.14088744	2.141349775777758
1.645464706E7	2.12817299	2.1286219266832673
1.65E7	2.125654	2.12610027800278
1.67327853E7	2.11272417	2.1131572858928585
1.696885478E7	2.09961193	2.1000316915489154
1.7E7	2.097882	2.0983
1.72398394E7	2.08842177	2.08887431158
1.74830625E7	2.07882808	2.07931564375
1.75E7	2.07816	2.07865
1.77468935E7	2.06842203	2.06894708545
1.799727022E7	2.05854667	2.059107280354
1.8E7	2.058439	2.059
1.82539476E7	2.05165657	2.0522703885999998
1.85E7	2.045085	2.0457500000000004
1.87610017E7	2.03811417	2.0388334549500002
1.9E7	2.031731	2.0325
1.900001E7	2.0317308889999772	2.0325
1.92680558E7	2.02875558	2.0295782715627158
1.95E7	2.026181	2.027050054500545
1.97751099E7	2.02312728	2.024051326603266
2.0E7	2.020631	2.0216
2.0282164E7	2.03870643	2.040363906
2.05E7	2.052661	2.0548499999999996
2.07892181E7	2.07118773	2.0740830036499998
2.1E7	2.08469	2.0881
2.12962722E7	2.09385962	2.0962178582799997
2.15E7	2.100165	2.1018
2.18033263E7	2.10955356	2.11011114062
2.2E7	2.115641	2.1155
2.23103804E7	2.12419695	2.1245010316
2.25E7	2.129424	2.13
2.28174345E7	2.1381744	2.1392056004999995
2.3E7	2.143207	2.1445
2.33244886E7	2.12535234	2.12652333156
2.35E7	2.115695	2.1168
2.38315427E7	2.09745153	2.0984325344200006
2.4E7	2.088182	2.0891
2.43385968E7	2.10084958	2.1018650993600003
2.45E7	2.106888	2.10795
2.48456509E7	2.11982018	2.1209810389299997
2.5E7	2.125595	2.1268
2.5352705E7	2.12592302	2.127293787
2.55E7	2.12606	2.1275
2.58597591E7	2.12639458	2.12800366274
2.6E7	2.126525	2.1282
2.600001E7	2.12652480471995	2.1282
2.63668132E7	2.11936187	2.120973904699047
2.65E7	2.116761	2.118350098500985
2.68738673E7	2.10946087	2.11098483903839
2.7E7	2.106998	2.1085
2.700001E7	2.1069982530800315	2.1085
2.73809214E7	2.11663836	2.1184418869588697
2.75E7	2.119652	2.121549869498695
2.78879755E7	2.12947088	2.131676131311313
2.8E7	2.132306	2.1346
2.83950296E7	2.12076245	2.12302563272
2.85E7	2.117695	2.11995
2.89020837E7	2.10594531	2.1081689475900003
2.9E7	2.103084	2.1053
2.900001E7	2.103084489920022	2.1053
2.94091378E7	2.12312848	2.1256338549985503
2.95E7	2.12758	2.130149751497515
2.99161919E7	2.14797091	2.1508346957769575
3.0E7	2.152077	2.155
