100000.0	1.5879	5.3938E-5	0.01765
100326.6	1.5864793139504787	5.5009E-5	0.01768708613099277
100979.7	1.5836383768441031	5.6528E-5	0.017761247037763682
101959.5	1.5793763186955398	5.9284E-5	0.017872505430741998
103265.8	1.5736940094901215	6.2536E-5	0.018020838599498448
103477.3	1.572774	6.300215004901395E-5	0.018044854878448147
105000.0	1.5661502314996942	6.635821E-5	0.018217760731671338
105878.3	1.5623296129446156	6.8294E-5	0.018317493581796726
106779.0	1.5584115540438304	7.033130856384608E-5	0.01841977
107837.7	1.553806192704582	7.2726E-5	0.01853760695553657
107837.8	1.5538057577030386	7.272625E-5	0.018537618085880912
109144.0	1.5481237675440451	7.6027E-5	0.01868300264366108
109470.6	1.5467030525035252	7.6906E-5	0.018719354348278296
109640.8	1.5459626798767756	7.8026E-5	0.01873829819434642
110000.0	1.5444001543331296	7.8814E-5	0.01877827839121875
110359.2	1.5428376287894836	7.9881E-5	0.01881825858809108
111077.7	1.5397121427006482	8.1551E-5	0.01889823011218008
112163.2	1.5349902009477867	8.515749801656341E-5	0.01901905
112514.6	1.5334616055245207	8.6325E-5	0.019057604229351034
114670.0	1.524085582259558	9.4213E-5	0.01929408626106195
115000.0	1.5226500771665648	9.551699E-5	0.01933029256637168
115960.0	1.5184740623505844	9.931039944450533E-5	0.01943562
115960.3	1.5184727573459542	9.931158488495675E-5	0.01943565
116825.4	1.5147095589945954	1.0273E-4	0.019529349911735244
118980.7	1.505333970731176	1.1198E-4	0.01976279277355813
119699.2	1.5022084846423405	1.153E-4	0.019840614281570818
120000.0	1.5009	1.1771E-4	0.019873194253192554
120752.7	1.499289232697188	1.2074461597346259E-4	0.01995472
120783.8	1.4992226791391736	1.2087E-4	0.01995805994165577
121175.7	1.4983840187087605	1.2234E-4	0.020000147502263352
121746.8	1.497161872825094	1.2535422659805216E-4	0.02006148
123527.0	1.4933522701248605	1.3475E-4	0.020250202942373865
125000.0	1.4902000710587757	1.427686E-4	0.02040635893277759
127054.0	1.4858045402497209	1.5395E-4	0.020624108019192556
129013.4	1.481611452096234	1.6378E-4	0.020831828350215673
129797.2	1.4799341312354075	1.6739E-4	0.02091492072311346
129851.0	1.479819	1.6794975345167654E-4	0.020920624180196776
130000.0	1.479500137944625	1.695E-4	0.02093642
131273.6	1.4767746163759978	1.734E-4	0.021068403926165206
132971.8	1.4731404449502414	1.7954E-4	0.02124438940309183
135000.0	1.4688000689723124	1.855882E-4	0.02145457297646516
135094.5	1.4685978376687359	1.8587E-4	0.02146436606772035
136792.7	1.4649636662429795	1.8989E-4	0.02164035154464698
136792.8	1.4649634522416002	1.898902E-4	0.021640361907706507
138066.3	1.4622381446743522	1.9217E-4	0.021772335470812185
138668.0	1.460950498374224	1.9275105597864488E-4	0.02183469
139340.0	1.459512409104345	1.934E-4	0.02190316651042125
140000.0	1.4581	1.9365E-4	0.021970420226013546
141371.6	1.455164776	1.9276E-4	0.02211018567496263
142286.0	1.45320796	1.9088E-4	0.022203362640928676
143200.4	1.4512511439999998	1.8771E-4	0.022296539606894733
143216.4	1.451216904	1.8762793525809276E-4	0.02229817
144114.8	1.449294328	1.8302E-4	0.022388692750340597
145000.0	1.4474	1.768341E-4	0.022477885469175753
145029.2	1.447337512	1.7663E-4	0.022480827660081748
145943.6	1.4453806960000002	1.6843E-4	0.02257296256982289
146858.0	1.4434238799999999	1.5852E-4	0.022665097479564036
147772.4	1.441467064	1.4714E-4	0.022757232389305177
147914.0	1.44116404	1.4521979002624666E-4	0.0227715
148686.8	1.4395102480000002	1.3474E-4	0.022848742953020133
149000.0	1.4388400000000001	1.2609E-4	0.02288004793863854
149008.6	1.438821596	1.254944E-4	0.022880907526366248
149008.8	1.438821168	1.254806E-4	0.022880927516778525
149032.2	1.438771092	1.2386E-4	0.02288326639501438
149515.5	1.43773683	1.2024E-4	0.022931573226270374
150000.0	1.4367	1.153124E-4	0.02298
150488.9	1.4358714006110713	1.1034E-4	0.023105399478693535
151112.8	1.434814	1.0250247257037192E-4	0.023265425526467914
151462.3	1.4342215897920605	9.8112E-5	0.02335506986642167
152435.6	1.432571824826717	8.7529E-5	0.023604714604839375
153409.0	1.4309218903591683	7.8947E-5	0.02385438499256751
154382.4	1.4292719558916196	7.2429E-5	0.024104055380295645
155355.7	1.4276221909262758	6.7801E-5	0.024353700118713354
156329.1	1.4259722564587274	6.474E-5	0.024603370506441492
157302.5	1.4243223219911785	6.2867E-5	0.024853040894169624
158275.9	1.4226723875236296	6.1824E-5	0.025102711281897755
159249.2	1.4210226225582863	6.1316E-5	0.025352356020315468
159687.2	1.4202802028985508	6.376676984549817E-5	0.0254647
160000.0	1.41975	6.5517E-5	0.02554726921798262
164187.1	1.4126528655000001	6.557224234135667E-5	0.02665253
169322.8	1.403947854	6.564E-5	0.02803567652256188
170000.0	1.4028	6.582769E-5	0.02821806
171440.7	1.40195	6.62269857678E-5	0.028620915195644477
172123.6	1.401547	6.641625423440001E-5	0.02881187085130187
180000.0	1.3969	6.859923E-5	0.031014306238942663
184390.9	1.384868934	6.98161854986E-5	0.03224211
185000.0	1.3832	6.9985E-5	0.03242152936428109
190000.0	1.3695	7.137077E-5	0.03389435290952073
197965.0	1.351499	7.357830161E-5	0.036240560817087465
200000.0	1.3469	7.414231E-5	0.03684
210000.0	1.3496	7.691384E-5	0.04011834710525097
215115.3	1.3366071380000002	7.83315658562E-5	0.04179532
220000.0	1.3242	7.968538E-5	0.043456617376187494
221336.4	1.3208590522807293	8.005576860560001E-5	0.04391113
226390.5	1.308224	8.1456532637E-5	0.04566887325963447
228640.9	1.3025978441335364	8.208023999859999E-5	0.04645153
230000.0	1.2992	8.245692E-5	0.04693303112142194
232843.6	1.3019298559999999	8.32450351144E-5	0.04794046
235000.0	1.304	8.384269E-5	0.04872379506735226
240000.0	1.2938	8.522846E-5	0.05054009785754025
244706.6	1.293423472	8.65329130164E-5	0.05224982
245000.0	1.2934	8.661423E-5	0.05235965020158015
250000.0	1.2824	8.8E-5	0.05423133052844028
250199.2	1.282043	8.822111200000001E-5	0.05430589827266239
252832.4	1.2773296880662803	9.114396399999997E-5	0.0552916
260000.0	1.2645	9.91E-5	0.058047234248861476
260111.6	1.264335	9.9223876E-5	0.05809013965404214
263174.7	1.2598015599591441	1.0262391699999999E-4	0.05926777
270000.0	1.2497	1.102E-4	0.06195945511516716
271080.6	1.24802507	1.1139946599999996E-4	0.06238561
280000.0	1.2342	1.213E-4	0.06598860955957632
280984.7	1.2340276665752208	1.22393017E-4	0.06638638
283373.0	1.2336096875781661	1.2504403E-4	0.06736682
292393.5	1.232031	1.35056785E-4	0.07116076840861249
295933.6	1.231412	1.3898629599999997E-4	0.07264970546989834
300000.0	1.2307	1.435E-4	0.07436
307677.0	1.2322968096127616	1.5202148176662693E-4	0.07760887
308481.7	1.232464186543254	1.529147E-4	0.07796039909560673
325000.1	1.2359	1.712501E-4	0.08517637798571531
328538.5	1.2330974089330775	1.7517772659484396E-4	0.08672211
334273.5	1.228555	1.8154358080053865E-4	0.08932861855804747
339972.8	1.224042	1.8786980798005318E-4	0.09191890177075537
340000.0	1.22402	1.879E-4	0.09193126393863311
345107.7	1.2199747420525795	1.9356954700000003E-4	0.09425267
350000.0	1.216100079199208	1.99E-4	0.09652687624675826
350000.1	1.2161	1.990001E-4	0.09652692273217917
350814.5	1.2161814095751307	1.9990408435833744E-4	0.0969055
358833.4	1.216983	2.0880506688666757E-4	0.10073048473633427
368644.3	1.217964	2.1969517020348082E-4	0.10541024664254355
370583.6	1.218158	2.218477940567762E-4	0.10633528535099146
371541.5	1.2182538680826014	2.2291106347825394E-4	0.1067922
374600.8	1.218560047459469	2.263068878243513E-4	0.1082846
375000.0	1.2186	2.2675E-4	0.10848444832908122
394912.6	1.192315	2.48852986E-4	0.11845313529717469
400000.0	1.1856	2.545E-4	0.121
411314.2	1.1932033369929524	2.6705876199999997E-4	0.132269
416559.1	1.196728	2.7288060099999996E-4	0.13782243148480808
422948.7	1.2010215956118422	2.7997305700000003E-4	0.1445879
425000.0	1.2024	2.8225E-4	0.14684437704354095
426001.0	1.2009104316185695	2.8336110896123623E-4	0.1479455
428586.5	1.197063	2.862310112781955E-4	0.1509068338768758
435600.1	1.186627	2.940161E-4	0.15893994595533498
438695.5	1.1820210808200187	2.974520017386759E-4	0.1624853
440000.0	1.18008	2.989E-4	0.1640847520596323
440482.3	1.179362	2.9943535299999997E-4	0.1646761017939065
447628.8	1.168728	3.07367968E-4	0.17343845069705882
450000.0	1.1652001487791508	3.1E-4	0.17634578739602405
450000.1	1.1652	3.099999E-4	0.1763459100063774
453278.2	1.1619221032804168	3.079091325693303E-4	0.1803652
456450.5	1.15875	3.0588584422537693E-4	0.1845486675641949
468824.6	1.1463752399345666	2.979936611730447E-4	0.200867
472871.0	1.1423286240894732	2.9541287311549245E-4	0.2064542
473322.6	1.141877	2.9512484328977315E-4	0.20709372302128898
475000.0	1.1402	2.94055E-4	0.20946913470399536
476332.5	1.140296	2.932051315E-4	0.2113561241324001
479729.0	1.1405405730260771	2.9103884379999995E-4	0.216166
487081.4	1.14107	2.8634948307999997E-4	0.22707062282163243
493149.6	1.1415068450141657	2.8247918512E-4	0.2360706
500000.0	1.142	2.7811E-4	0.2467
510028.9	1.1410971969046282	4.6858388325000033E-4	0.2628264
512108.4	1.14091	5.080787870000005E-4	0.2663187468685546
520000.0	1.1402	6.5796E-4	0.2795720310945152
520259.0	1.1399772587301156	6.574347227488151E-4	0.280007
520295.4	1.1399459545516453	6.573609E-4	0.2800700786928891
524916.6	1.135971699893768	6.47989113154289E-4	0.2880783
534684.8	1.127571	6.281792178313693E-4	0.3056398505428191
535516.4	1.126856	6.264927342468256E-4	0.3071349249097862
537941.2	1.1247706157551967	6.215752433908835E-4	0.3114943
540000.0	1.123	6.174E-4	0.31541176539830984
552762.1	1.130019	6.439579301E-4	0.3396953700028215
552826.6	1.130054475579972	6.440921546E-4	0.3398181
569232.6	1.1390779230996815	6.782330405999999E-4	0.373029
570000.0	1.1395	6.7983E-4	0.37467973925684894
570437.6	1.13907	6.873956663999996E-4	0.375621052129923
584413.9	1.1253263454764897	9.290319171000003E-4	0.4056852
590322.6	1.119516	0.0010311874313999995	0.4191488823041042
600000.0	1.11	0.0011985	0.4412
610689.6	1.112159	0.0012256943424	0.46015441805725815
619045.3	1.113847	0.0012469512432000001	0.47497044774602426
623573.9	1.1147617546134663	0.0012584720016	0.4830004
635887.3	1.117249	0.0012897972912	0.5061913261976813
640000.0	1.11808	0.00130026	0.5139371415024064
650000.0	1.1200999596008083	0.0013257	0.5327710348199962
650000.1	1.120099979800404	0.001325701	0.5327712231589293
650000.2	1.1201	0.00132570214100047	0.5327714114978626
655926.0	1.1197088956355825	0.0013933155468518232	0.543932
673536.8	1.1185465781863126	0.0015942548576228595	0.5788574
680000.0	1.118120005280021	0.001668	0.5920544097814412
682991.9	1.1179225390901564	0.001702138	0.5981634785964393
684989.1	1.1177907233628934	0.0017249260025634838	0.6022415
700000.0	1.1168	0.0018962	0.6337
727119.2	1.1250984752000002	0.0023362357549170164	0.7091004
735031.4	1.1275196084	0.002464619	0.7325135954615696
740000.0	1.12904	0.00254524	0.7472163081041158
746209.5	1.130940107	0.0026459953470000003	0.765591
750000.0	1.1321	0.0027075	0.7774524739703537
761000.0	1.12737	0.0031385240615053604	0.8118743744251461
769780.7	1.123594299	0.0034825870594017336	0.8393515
779187.7	1.119549289	0.003851191	0.8701566118599385
781844.0	1.11840708	0.003955275438370581	0.8788552
783702.0	1.11760814	0.004028079295801042	0.8850468
783702.3	1.117608011	0.0040280910509986915	0.8850478
791809.1	1.114122087	0.00434574783862908	0.9124008
800000.0	1.1106	0.0046667	0.9406
817688.4	1.1137836231950609	0.005474175460000001	0.9893809
820000.0	1.114199673452727	0.0055797	0.9959413736144604
823518.8	1.114833	0.005740333131533027	1.005927960634085
825000.0	1.1151	0.005807949874293828	1.0101317041527467
830142.7	1.116025686	0.006042714	1.0247270267245954
835768.0	1.1170382399999998	0.006299509090521746	1.040692
835768.3	1.117038294	0.006299522785529509	1.040693
840000.0	1.1178	0.0064927	1.0531905217766027
850000.0	1.1196	0.0069492	1.0827236214211968
860000.0	1.12442	0.00839296	1.1122567210657912
868604.0	1.1285671279999998	0.009635171104	1.137667
868604.6	1.1285674172	0.009635257729599996	1.137669
900000.0	1.1437	0.014168	1.235
900000.2	1.1437	0.01416802	1.2350004954735445
900000.3	1.1437	0.014168027912479134	1.2350007432103167
920000.0	1.158299781	0.0157505	1.2845473544373522
930863.0	1.1662297709999998	0.016610039300110423	1.311459
931138.9	1.166431178	0.01663187	1.3121599438412144
934493.0	1.168879671	0.01689726	1.3206812767075304
940000.0	1.1728997810000001	0.017333	1.3346722072387625
940000.2	1.172899927	0.01733299	1.3346727153531814
940000.3	1.1729	0.01733298294994238	1.3346729694103912
954145.9	1.190157919631994	0.01633571	1.3706108860478694
958000.0	1.19486	0.01606399861635435	1.3804025049620547
959984.0	1.1972802379762024	0.015924127988930833	1.385443
960000.0	1.1972997560243974	0.015923	1.3854847500818508
960000.1	1.1972998780121988	0.015923	1.3854850110198624
960000.2	1.1973	0.015923001840038344	1.3854852719578739
970223.8	1.2020029030290302	0.01611112	1.412162530508567
970404.5	1.2020860258602586	0.01611444	1.412634045495471
980000.0	1.2065	0.016291	1.4376723523955037
996636.0	1.20350552	0.014877771800000002	1.481082
1000000.0	1.2029	0.014592	1.49
1001456.0	1.2027704160000001	0.01545191	1.49026702583651
1001808.0	1.2027390880000002	0.0156598	1.4903315815332487
1005000.0	1.2024549999999998	0.017545	1.4909169843286745
1008000.0	1.202188	0.017422	1.491467174925879
1011805.0	1.201849355	0.0170859424	1.492165
1020000.0	1.20112	0.01636216	1.493653066555044
1020500.0	1.2010755000000002	0.016318	1.4937438576810382
1023750.0	1.20078625	0.016593017921902674	1.494334
1032357.0	1.200020227	0.01732135	1.4958756886248736
1035000.0	1.199785	0.017545	1.4963491036400405
1040000.0	1.19934	0.01868707	1.497244705257836
1041646.0	1.1991935059999999	0.01906304	1.4975395373104143
1043530.0	1.19902583	0.01949337112299465	1.497877
1043531.0	1.199025741	0.01949359953654189	1.497877
1049500.0	1.1984945000000002	0.020857	1.4989265313868023
1060000.0	1.1975600000000002	0.02242983	1.500772750110446
1060857.0	1.197483727	0.0225582	1.5009234367243662
1062213.0	1.197363043	0.02276132	1.5011618626852483
1064000.0	1.1972040000000002	0.023029	1.501476071528977
1064151.0	1.197190561	0.02306523	1.5015026219125265
1064764.0	1.1971360039999999	0.0232123	1.5016104059199162
1068430.0	1.1968097299999998	0.02409183330366679	1.502255
1068435.0	1.196809285	0.02409303288536846	1.502256
1076000.0	1.196136	0.025908	1.5035610871369294
1081263.0	1.195667593	0.02713779	1.5044690413473272
1088920.0	1.19498612	0.0289269738317757	1.50579
1091000.0	1.194801	0.029413	1.5061449184993532
1096650.0	1.1942981499999998	0.03042748888888889	1.507109
1096652.0	1.194297972	0.030427848	1.507109
1100000.0	1.194	0.031029	1.5076763205876433
1105500.0	1.1946196666666666	0.032291	1.508608298852888
1106590.0	1.1947424733333332	0.03253748114787582	1.508793
1106593.0	1.1947428113333332	0.03253815953635621	1.508794
1110396.0	1.1951712826666665	0.03339813	1.5094330957287188
1116590.0	1.1958691399999999	0.0347987711453561	1.510474
1120000.0	1.1962533333333332	0.03556987	1.5110424459861251
1121000.0	1.196366	0.035796	1.511209145688801
1126680.0	1.1970059466666667	0.03587953073510773	1.512156
1133624.0	1.1977883040000001	0.03598165	1.5132965615384615
1135542.0	1.1980043986666666	0.03600985	1.513611595673077
1138000.0	1.1982813333333333	0.036046	1.5140153255494506
1140000.0	1.1985066666666666	0.03676563	1.5143438282967034
1140513.0	1.1985644646666664	0.03695021	1.5144280892513737
1154000.0	1.200084	0.041803	1.5166433475274725
1155577.0	1.2002616753333335	0.04200679	1.5169023719436812
1155800.0	1.2002868	0.042035609601328905	1.516939
1155878.0	1.200295588	0.04204569	1.5169516738882554
1157554.0	1.200484417333333	0.04226226888403687	1.517224
1159310.0	1.20068226	0.04248918566229986	1.517508
1159312.0	1.200682485333333	0.04248944410965551	1.517508
1160000.0	1.2007599999999998	0.04257835	1.5176179923816022
1167929.0	1.201653334	0.04360299	1.5188856226050373
1169000.0	1.201774	0.04374138828771483	1.5190568462107
1169500.0	1.2018303333333331	0.043806	1.5191367825345388
1172940.0	1.2022179066666665	0.04370409	1.5196867444425495
1173834.0	1.2023186306666667	0.04367761	1.519829670589573
1185500.0	1.203633	0.043332	1.521694744897379
1194490.0	1.2046458733333332	0.043031919999999994	1.523132
1200000.0	1.2052666666666667	0.042848	1.524
1220000.0	1.20752	0.041033	1.5152157788267027
1228966.0	1.2085301693333335	0.04173671	1.5112778124747135
1229660.0	1.20860836	0.041791179962447	1.510973
1237221.0	1.2094602326666666	0.04238462	1.5077652553577265
1238500.0	1.2096043333333333	0.042485	1.507222641232946
1240000.0	1.2097733333333336	0.04272187	1.5065862681389885
1244552.0	1.210286192	0.04344069	1.5046550879231935
1248167.0	1.2106934820000002	0.04401155	1.503121428766757
1250000.0	1.2109	0.044301	1.502343780845941
1260000.0	1.2120333333333333	0.05062782	1.4981012935528935
1263303.0	1.2124076733333333	0.05271756525624599	1.4967
1266244.0	1.2127409866666667	0.05457828	1.495498419135079
1272000.0	1.2133933333333333	0.05822	1.4931467362182194
1274579.0	1.2136856200000001	0.05958079	1.4920930548001197
1283958.0	1.2147485733333334	0.06452953	1.4882611517290243
1291099.0	1.2155578866666668	0.06829742	1.4853436104313704
1291500.0	1.2156033333333336	0.068509	1.4851797770662452
1300000.0	1.2165666666666666	0.07452351	1.481707
1311000.0	1.2178133333333334	0.082307	1.4773815550927678
1330500.0	1.2200233333333332	0.099057	1.4697137209390383
1336974.0	1.2207570533333334	0.10526665635789474	1.467168
1340000.0	1.2211	0.1081691	1.4660224076158417
1351000.0	1.2223466666666667	0.11872	1.4618579937937202
1371000.0	1.2246133333333333	0.14965	1.4542863322989532
1375000.0	1.2250666666666667	0.15771439024390244	1.452772
1391500.0	1.2269366666666666	0.19098	1.4467059266323592
1396181.0	1.2274671799999999	0.19267617411764706	1.444985
1400000.0	1.2279	0.19406	1.4436304432263698
1415000.0	1.2299099999999998	0.22541	1.4383101102584588
1438500.0	1.2330590000000001	0.27701	1.429974921942065
1440000.0	1.23326	0.2798993	1.4294428886452741
1450000.0	1.2346	0.2991611974358975	1.425896
1459500.0	1.235873	0.31746	1.4226349764028594
1465807.0	1.2367181379999999	0.32601991906976746	1.42047
1481000.0	1.238754	0.34664	1.4153735267452403
1500000.0	1.2413	0.3600563	1.409
1505500.0	1.2420369999999998	0.36394	1.4096408529013844
1530000.0	1.24532	0.3795	1.4124955612802788
1540000.0	1.2466599999999999	0.3838	1.413660748373705
1553957.0	1.2485302379999998	0.38980151	1.415287
1555000.0	1.24867	0.39025	1.4154051340268878
1580000.0	1.25202	0.40923	1.4182367262341722
1600000.0	1.2547	0.42577	1.420502
1605500.0	1.2552032716535433	0.42466	1.4211033603753738
1634000.0	1.2578111338582676	0.42959	1.4242195005023106
1640000.0	1.258360157480315	0.4311085	1.4248755300027185
1660000.0	1.2601902362204722	0.43617	1.4270622950040777
1684609.0	1.262442056606299	0.4472115475471698	1.429753
1686500.0	1.262615090551181	0.44806	1.4299543741147422
1700000.0	1.2638503937007874	0.4575558	1.431392
1716000.0	1.2653144566929135	0.46881	1.4330633466482106
1727000.0	1.266321	0.47359406779661023	1.4342123974688552
1745500.0	1.2680136232876713	0.48164	1.4361448920308486
1760684.0	1.2694028552876713	0.48681251672131154	1.437731
1776000.0	1.2708041643835617	0.49203	1.4392911938142232
1800000.0	1.273	0.48889	1.441736
1806500.0	1.27350375	0.50242	1.4423787814351159
1840000.0	1.2761	0.51859	1.4456915780622517
1873000.0	1.2786575	0.51961	1.4489549299636098
1884913.0	1.2795807575	0.5268714147222222	1.450133
1897367.0	1.2805459424999999	0.5344625889814816	1.451336
1900000.0	1.28075	0.5360675	1.451586112405725
1905500.0	1.28117625	0.53942	1.4521085652091763
1940000.0	1.28385	0.53929	1.4553857691580985
1945000.0	1.2842375	0.5394731	1.4558607262521452
1960878.0	1.285468045	0.5400545471540984	1.457369
1975500.0	1.28660125	0.54059	1.458726100403865
2000000.0	1.2885	0.53786	1.461
2071116.0	1.2853708959999999	0.5420238418	1.455909
2100000.0	1.2840999999999998	0.543715	1.4539202506185187
2147104.0	1.282027424	0.5464729392	1.450677
2170000.0	1.2810199999999998	0.5478135	1.4491648569685986
2171000.0	1.280976	0.5478720499999999	1.4490988129857456
2200000.0	1.2797	0.54957	1.44718353748301
2233183.0	1.2774435560000001	0.549204987	1.444992
2240000.0	1.27698	0.54913	1.444558394031459
2300000.0	1.2729	0.5484700000000001	1.440742
2348448.0	1.269605536	0.547937072	1.437745
2370000.0	1.26814	0.5477	1.436441894315517
2397916.0	1.266241712	0.5473929240000001	1.434754
2400000.0	1.2661	0.54737	1.4346300698961114
2423039.0	1.265040206	0.5468331913000001	1.43326
2500000.0	1.2615	0.54504	1.42879
2567021.0	1.2584170339999998	0.5434784106999999	1.425019
2575000.0	1.25805	0.5432925	1.4245791336982772
2598076.0	1.256988504	0.5427548292000001	1.423307
2600000.0	1.2569	0.54271	1.4232026652006349
2600001.0	1.2569	0.5427099833997404	1.4232026109725686
2642186.0	1.2533986274931375	0.5420097014460313	1.420915
2689348.0	1.2494841619208095	0.5412268	1.4184114510672154
2700000.0	1.2486000415002074	0.5410499802977977	1.417846
2751603.0	1.2443169710848554	0.5401933874426768	1.415167
2760000.0	1.243620016600083	0.540054	1.4147391918902317
2795550.0	1.240669351846759	0.5394638700000001	1.412928
2800000.0	1.2403	0.53939	1.4127055357659541
2845318.0	1.234929995417323	0.5364103415000001	1.41044
2899624.0	1.2284949482204726	0.5328397220000001	1.407778
2927000.0	1.225251	0.53103975	1.406467151359394
2966161.0	1.2206101532739728	0.5284649142500001	1.404592
3000000.0	1.2166	0.52624	1.403001
3058367.0	1.2116192927761629	0.5285094840610001	1.396499
3100000.0	1.2080665697674418	0.5301283	1.391963579343102
3110369.0	1.207181738386628	0.5305314812833334	1.390834
3177035.0	1.2014928417877906	0.5331236775833333	1.383742
3233929.0	1.1966378319912792	0.5353359059499999	1.377834
3250000.0	1.1952664244186046	0.5359608	1.376189
3298487.0	1.1911288201017443	0.5378461361833334	1.371284
3344000.0	1.187245	0.5396158333333333	1.3667807410160908
3366414.0	1.1853323753227527	0.5404873643666667	1.364563
3400000.0	1.1824664249163088	0.5417933	1.3613094765462495
3413528.0	1.181312057706806	0.542319315988	1.359999
3470935.0	1.176413420924137	0.5445515010724999	1.354542
3500000.0	1.1739332551240034	0.54568165	1.351822
3558910.0	1.1689063647993563	0.547972276985	1.346391
3600000.0	1.165400085331698	0.54957	1.3426751644385027
3600001.0	1.1654	0.54957002	1.3426750740068754
3611270.0	1.1645998985532064	0.5497954	1.341656
3657715.0	1.1613022934687873	0.5507243	1.337528
3716985.0	1.1570941105997266	0.5519097000000001	1.332355
3750000.0	1.1547500384313103	0.55257	1.329517
3767328.0	1.1535197466689502	0.55291656	1.32804
3824196.0	1.149482106321426	0.55405392	1.323254
3886078.0	1.145088470885232	0.5552915599999999	1.318144
3927000.0	1.142183	0.55611	1.3148296573944722
3942627.0	1.141073483	0.55642254	1.313564
4000000.0	1.137	0.55757	1.309
4029554.0	1.135847394	0.5578720418800001	1.30552
4085559.0	1.1336631990000001	0.55844441298	1.299028
4135201.0	1.131727161	0.55895175422	1.293378
4199793.0	1.129208073	0.55961188446	1.286172
4250000.0	1.12725	0.560125	1.280681
4268306.0	1.126536066	0.56031208732	1.278702
4325086.0	1.1243216459999998	0.5608923789199999	1.272643
4386761.0	1.121916321	0.5615226974199999	1.266191
4400000.0	1.1214	0.561658	1.2648327194048952
4443020.0	1.1197222199999999	0.5620976643999999	1.260419
4500000.0	1.1175	0.56268	1.254679
4559657.0	1.1126379544999998	0.5620685157499999	1.248562
4612506.0	1.1083307610000002	0.5615268135	1.243275
4679850.0	1.1028422249999998	0.5608365375	1.23671
4700000.0	1.1012	0.56063	1.2347979742292405
4736969.0	1.0977372995532995	0.5592017642999999	1.23129
4750000.0	1.0965167512690355	0.5586983333333333	1.230073
4801401.0	1.0917022779086294	0.5567125413666667	1.225341
4868763.0	1.0853928178883248	0.5541101227666667	1.219295
4873397.0	1.0849587743959392	0.5539310959	1.218885
4897000.0	1.082748	0.5530192333333332	1.2168195400372885
4915233.0	1.0810401166601942	0.5523148317666666	1.215224
4971583.0	1.075761817631068	0.5501378434333333	1.210394
5000000.0	1.0731	0.54904	1.208001
5086368.0	1.0685512853333332	0.5495927552000001	1.224927
5125000.0	1.0665166666666666	0.54984	1.232483
5159799.0	1.0646839193333333	0.5500627135999999	1.239506
5242824.0	1.0603112693333332	0.5505940736	1.256231
5250000.0	1.0599333333333334	0.55064	1.257674
5300000.0	1.0573	0.55096	1.2682009090590283
5320737.0	1.055289	0.55061680265	1.2725668393221696
5329843.0	1.0544056453160962	0.55046609835	1.274484
5373546.0	1.0501661054796532	0.5497428137	1.283669
5382000.0	1.049346	0.5496028999999999	1.2854446791053846
5390000.0	1.0485699999999998	0.5494705000000001	1.287125
5463086.0	1.041480658	0.5482609266999999	1.302456
5500000.0	1.0379	0.54765	1.310188
5600000.0	1.0382	0.55424	1.3304466171259437
5620951.0	1.038262853	0.5556206709	1.334691
5625000.0	1.038275	0.5558875	1.335536
5687157.0	1.038461471	0.5599836463000001	1.34792
5700000.0	1.0385	0.56083	1.350551147621999
5748469.0	1.038645407	0.5640241071000001	1.360481
5750000.0	1.03865	0.564125	1.360799
5800000.0	1.0388	0.56742	1.370503021041267
5837067.0	1.0486412885	0.5754931926000001	1.377697
5850000.0	1.052075	0.57831	1.3803124747648512
5945190.0	1.077347945	0.599042382	1.399563
6000000.0	1.0919	0.61098	1.411004
6179072.0	1.170333536	0.6750072	1.504854463293957
6200000.0	1.1795	0.68249	1.5158226911342443
6213834.0	1.18661060683	0.6887332842	1.523073
6250000.0	1.20519975	0.705055	1.542251
6300000.0	1.2308995	0.72762	1.5679724277409604
6336010.0	1.2494084599500002	0.7438713130000001	1.586497
6336014.0	1.24941051593	0.7438731182	1.586499
6400000.0	1.282299	0.77275	1.6196381117596261
6403176.0	1.2839314640000001	0.7741833288000001	1.621283
6500000.0	1.333699	0.81788	1.671779
6500002.0	1.3337	0.81788050412	1.6717801377720902
6745369.0	1.4366073314293257	0.8797277101400001	1.811366
6871505.0	1.489508981435926	0.9115215503	1.88304
7000000.0	1.5434	0.94391	1.956001
7400000.0	1.66988	0.98359	1.976545
7500000.0	1.7015	0.99351	1.981681
7750000.0	1.7383	0.9961	1.993838
7760000.0	1.74018	0.99692	1.99432428
8000000.0	1.7853	1.0166	2.005995
8372144.0	1.7908077312	1.0151858528	1.992007
8400000.0	1.79122	1.01508	1.9911124253535228
8500000.0	1.7927	1.0147	1.987901
9000000.0	1.7793	1.0168	1.970997
9370000.0	1.771752	1.014432	1.9518961199999998
9500000.0	1.7691	1.0136	1.945185
9600000.0	1.76706	1.01296	1.9403468000000001
1.0E7	1.7589	1.0104	1.920994
1.05E7	1.7474	1.0098	1.895101
1.1E7	1.7359	1.0092	1.870729
1.124722E7	1.7199790320000001	1.0072717142594858	1.859239
1.13268E7	1.71485408	1.006651	1.8556229865495688
1.147E7	1.705632	1.0055340069284067	1.849116161642535
1.15E7	1.7037	1.0053	1.847753
1.15994E7	1.70705972	1.00181106	1.843363
1.2E7	1.7206	0.98775	1.825993
1.21E7	1.73718	0.991505	1.8352102
1.219311E7	1.752618	0.9950012805000001	1.8437923349199998
1.225E7	1.7620502948939358	0.9971375	1.849036
1.25E7	1.8035	1.006525	1.872037
1.275E7	1.84495	1.015913	1.894695
1.286E7	1.863188	1.02004328	1.90466452
1.3E7	1.8864	1.0253	1.917353
1.35E7	1.9827	1.08795	1.961991
1.375E7	2.03085	1.119275	1.98389
1.387329E7	2.054595654	1.1347232370000002	1.994769
1.4E7	2.079	1.1506	2.006002
1.424781E7	2.084402258	1.170276114	2.025104
1.425E7	2.08445	1.17045	2.025274
1.45E7	2.0899	1.1903	2.044872
1.475E7	2.1082	1.2159	2.063887
1.487341E7	2.1172336119999997	1.228537184	2.073367
1.5E7	2.1265	1.2415	2.083152
1.524795E7	2.13329383	1.2598483	2.101745
1.525E7	2.13335	1.26	2.1019
1.55E7	2.1402	1.2785	2.120844
1.6E7	2.1539	1.3155	2.158004
1.600001E7	2.1539	1.3155000479999999	2.158003492464195
1.637355E7	2.133130968309683	1.31729304	2.139045
1.65E7	2.12610027800278	1.3179	2.132766
1.7E7	2.0983	1.3203	2.108571
1.75E7	2.07865	1.3199	2.085331
1.787368E7	2.0639643760000004	1.319601056	2.068575
1.8E7	2.059	1.3195	2.063005
1.81608E7	2.0547388	1.32549784	2.061134
1.85E7	2.0457500000000004	1.33815	2.057257
1.899342E7	2.03267437	1.356554566	2.051702
1.9E7	2.0325	1.3568	2.051631339492282
1.900001E7	2.0325	1.356800489	2.051631232105492
1.95E7	2.027050054500545	1.38125	2.046262
2.0E7	2.0216	1.4057	2.040996
