100000.0	1.58474476	4.50595E-5	0.013318949
101410.82	1.5781770740546799	4.68408E-5	0.013530180394243007
102841.5441	1.5715167300255335	4.86472E-5	0.013744391878642197
104292.4532	1.5647624202595767	5.04792E-5	0.013961625510227279
105763.832	1.557912819413968	5.23369E-5	0.01418192391497317
107255.9693	1.5509665830594381	5.42209E-5	0.014405330332716747
108769.158	1.543922347680292	5.61314E-5	0.014631888617156832
110000.0	1.5381924999999999	5.76855E-5	0.014816173268460929
111551.902	1.530968045460148	6.37839E-5	0.015048527802128236
113125.6985	1.5236416670746389	6.99683E-5	0.015284160433470122
114721.6985	1.5162119263786389	7.624E-5	0.015523117426716486
116340.2152	1.5086773653553647	8.26001E-5	0.01576544567493142
117981.5662	1.5010365055050388	8.905E-5	0.016011192729957678
119646.0737	1.4932878469138438	9.55909E-5	0.0162604068323612
120000.0	1.49164024	9.69817E-5	0.01631339753692186
121692.984	1.4881927498759444	1.05239E-4	0.016566875210013463
123409.853	1.484696621783891	1.13614E-4	0.01682392900327029
125150.9438	1.4811511698847095	1.22106E-4	0.017084609343205694
126916.5984	1.4775556977503046	1.30718E-4	0.017348967434889666
128707.1631	1.4739095001963214	1.39452E-4	0.017617055127198612
129409.9227	1.4724784430920694	1.4287981215294827E-4	0.017722274
130000.0	1.4712768454017313	1.45758E-4	0.01781313403333693
131834.066	1.4675420644340045	1.48823E-4	0.018095543300567046
133694.0074	1.4637545923682187	1.51931E-4	0.01838193685884955
135580.1892	1.4599136859404716	1.55083E-4	0.018672370910841563
137492.9816	1.4560185912978947	1.5828E-4	0.018966902459895595
139432.7601	1.4520685437950207	1.61521E-4	0.019265589325457546
140000.0	1.4509134508034627	1.62469E-4	0.019352932858625205
149029.0	1.4325273418206859	1.43043E-4	0.020743217217977995
150000.0	1.4305500562051938	1.40958E-4	0.020892731683913486
159322.874	1.41156552	1.1346018313699996E-4	0.022328266727264557
160000.0	1.410216043166759	1.11463E-4	0.022432530509201763
167606.2046	1.39505727375517	8.717935513199402E-5	0.023603733
170000.0	1.3902865642626696	7.95369E-5	0.023980886958777217
172398.394	1.38550669	7.689139946618E-5	0.024358765449064033
180000.0	1.36671962	6.85066E-5	0.025556434972518145
190000.0	1.36452863	5.7476300000000004E-5	0.027131982986259073
200000.0	1.3414007	4.6446E-5	0.028707531
211481.361	1.3340698	6.638935368422E-5	0.03206945119954
212264.5737	1.3329685263048583	6.774980980837402E-5	0.032298788
220000.0	1.32209176	8.118639999999999E-5	0.03470150852178598
225525.303	1.305843728005323	9.078396181706003E-5	0.036417737
230000.0	1.29268517	9.85566E-5	0.03789555877326281
240488.1538	1.2876065663093477	1.1677473291367601E-4	0.041359396
241692.984	1.28702316	1.1886754706768E-4	0.041782527662057395
250000.0	1.2780413948235751	1.33297E-4	0.044699919247043696
255737.2698	1.2718381071330982	1.3082492518857599E-4	0.046714826
261834.066	1.26524609	1.2819793764192E-4	0.0489877077685314
271387.5163	1.2492345990471367	1.2408154697665598E-4	0.052549228
271904.607	1.24836796	1.2385874293583998E-4	0.052753467860101926
280000.0	1.23802054	1.203706E-4	0.055950976408969774
288150.7657	1.2342654944681584	1.1685859807518401E-4	0.059170356
300000.0	1.22880657	1.11753E-4	0.06412983427976969
302116.23	1.229520489713535	1.1161231102000725E-4	0.065015579
320000.0	1.23555366	1.1042338100780393E-4	0.07308718178050745
320293.2538	1.2355119181731347	1.1040388521670325E-4	0.073219538
332327.853	1.23379891	1.0960381363371388E-4	0.07900243289184604
340538.4855	1.230416322007339	1.0905796298821677E-4	0.082947826
349984.2439	1.2265248911163062	1.0843E-4	0.08778040659476632
361545.5937	1.2217618861940382	1.575844685909568E-4	0.093695353
382961.5447	1.21293901673739	2.486369589130615E-4	0.105338219
400000.0	1.2059195728259409	3.21078E-4	0.115097331
420832.5524	1.1973370499076734	3.0563691216112E-4	0.129422576
422962.722	1.19645947	3.0405803045359994E-4	0.13098477170040834
436066.526	1.1848558	2.943454909288E-4	0.14059466673777685
441322.6	1.1793375353219402	2.9044968888E-4	0.144449297
450000.0	1.1702272773770568	2.84018E-4	0.15124090585526753
464719.4494	1.1547735722533257	3.477334918398039E-4	0.162761493
470000.0	1.14922961	3.7059119999999994E-4	0.16716763238463178
483385.968	1.1420522	4.2853450424287993E-4	0.17833700567048194
486674.9882	1.1411971637940714	4.42771554421812E-4	0.181081394
500000.0	1.1377331025111925	5.00451E-4	0.192746316
510991.0548	1.1348757926669581	4.951275925181679E-4	0.211854686
523178.3573	1.1317074980818096	4.89224794425318E-4	0.234717762
533806.2859	1.12894458901028	4.84077263487194E-4	0.256165622
544904.0857	1.126059529005131	4.78702155132062E-4	0.280140585
547618.428	1.12535389	4.7738749058248004E-4	0.2864370194524137
550000.0	1.1249321275298028	4.76234E-4	0.2919615297515401
556977.5042	1.123696452350886	5.194540565156399E-4	0.308147181
568529.0516	1.1216507408771101	5.9100665142072E-4	0.33694652
581346.079	1.1193809202977578	6.703978825418002E-4	0.371220255
594161.919	1.11711131	7.497817586698E-4	0.4081821588306808
594432.3145	1.1170853714299411	7.514566424758999E-4	0.408962001
600000.0	1.1165512730429197	7.85944E-4	0.425842233
643153.5528	1.1124116277729548	0.0011627962089628954	0.484212729
650000.0	1.11175486	0.001222585	0.49403767155005013
689435.0999	1.1148703117622998	0.0015285059422822423	0.550628715
700000.0	1.11570496	0.001610464	0.566287208
720000.0	1.117285	0.0019446458000000001	0.6145740423883106
726260.5026	1.1174628775735396	0.002049253101388634	0.629689035
750000.0	1.11813738	0.0024459185000000002	0.6910983208178418
752864.6485	1.11786926780708	0.002493784169604865	0.698508588
780706.5325	1.1152634512211146	0.0029589967151304247	0.775534277
800000.0	1.11345771	0.003281373	0.8328577890095354
811491.9907	1.1139253535775553	0.004051746296208267	0.867002054
839448.7857	1.11506299943649	0.00592584878008592	0.956033298
850000.0	1.11549236	0.0066331565	0.9919155950371374
871074.9263	1.1255459892069897	0.008045928304721124	1.06358666
900000.0	1.13934447	0.00998494	1.16866346
920000.0	1.154143615	0.013128365	1.22041839550189
940000.0	1.16894276	0.014362467	1.2721733310037797
950000.0	1.1811735249999997	0.014979518	1.298050798754725
960000.0	1.19340429	0.013873370000000001	1.3239282665056697
961090.1853	1.193846609246491	0.013752779371077557	1.32674939
980000.0	1.20151886	0.011661074	1.3780879395020063
1000000.0	1.1997942483333333	0.015924545	1.43238625
1020000.0	1.1980696366666665	0.014869589	1.439449175
1040000.0	1.1963450249999998	0.014454171	1.4465120999999999
1070000.0	1.1937581074999999	0.024759378	1.4571064875
1080000.0	1.1928958016666666	0.026504607	1.4606379500000002
1090000.0	1.1920334958333334	0.028097265	1.4641694125
1100000.0	1.19117119	0.033067567	1.4677008750000002
1120000.0	1.193589207596592	0.031164601	1.4747638
1140000.0	1.196007225193184	0.036051695	1.4818267250000001
1160000.0	1.198425242789776	0.041246503	1.48888965
1180000.0	1.2008432603863677	0.048354973	1.495952575
1200000.0	1.2032612779829595	0.048762053	1.5030155
1220000.0	1.2056792955795517	0.043714304	1.496064315248851
1240000.0	1.2080973131761434	0.047971759	1.4891131304977026
1260000.0	1.2105153307727354	0.053642431	1.4821619457465536
1289029.248	1.214024992396727	0.064302397	1.4720725624448074
1300000.0	1.2153513659659192	0.068398862	1.4682595762442556
1320000.0	1.2177693835625112	0.074822676	1.461308391493107
1340000.0	1.2201874011591032	0.082673108	1.4543572067419583
1360000.0	1.222605418755695	0.116263772	1.4474060219908096
1378693.855	1.2248655222726017	0.15800780356523222	1.4409088
1380000.0	1.225023436352287	0.160924471	1.4404896471531852
1400000.0	1.227441453948879	0.198218552	1.43407148
1470393.996	1.23595215	0.30454880333173323	1.4273281024839888
1500000.0	1.2397935910135665	0.349268723	1.424492001778574
1600000.0	1.252768800412196	0.426555349	1.414912523557148
1611286.56	1.254233255206098	0.42970250366116963	1.41383133
1622573.12	1.25569771	0.4328496583223392	1.4137027842203587
1700000.0	1.2620619411496794	0.45443944	1.4128209478898208
1800000.0	1.2702816074331198	0.514349974	1.41168202
1900000.0	1.2785012737165597	0.548411794	1.4361336900000001
2000000.0	1.28672094	0.567499529	1.46058536
2100000.0	1.281605001890721	0.579678608	1.429613855
2200000.0	1.2764890637814421	0.586044588	1.39864235
2300000.0	1.2713731256721632	0.587660629	1.39648147
2348902.188	1.26887132	0.586164732316907	1.3954247523999457
2400000.0	1.2664747955105413	0.5846016724496447	1.39432059
2416929.84	1.265680773720281	0.584083796	1.3950286060667039
2500000.0	1.2617847228916614	0.579126442	1.39850265
2618340.66	1.25623446	0.5649121484128262	1.403451727405596
2800000.0	1.2401385483451715	0.5430924358	1.41104883
2819751.48	1.23838847	0.5407200192907361	1.40946873135148
3000000.0	1.2165875266646557	0.519069765	1.39504903
3021162.3	1.21402796	0.5202360907817921	1.3915575603589487
3388023.827	1.1830442897775306	0.5404550677969427	1.33103078
3423983.94	1.180007241190109	0.542436951	1.326092384594948
3524689.35	1.1715020614876361	0.5492933569048908	1.31226253
3675394.76	1.15877408	0.5595539522693603	1.2999343775975654
4000000.0	1.1366699017866353	0.581654307	1.2733807
4028216.4	1.13474849	0.58165984729014	1.2729020279611518
4500000.0	1.11681744	0.581752482	1.26489854
4934565.09	1.07845674	0.5636863170738621	1.2096167587578435
5000000.0	1.0733055348646563	0.560965993	1.20129267
5035270.5	1.07052895	0.5567812183632951	1.2041801497950548
5300000.0	1.05658239	0.5253715900000001	1.225852683
5500000.0	1.03698539	0.501641988	1.242226025
5800000.0	1.03788872	0.5533676490000001	1.2667860380000002
6000000.0	1.09106847	0.587851423	1.28315938
6181316.122	1.1703459072994566	0.675154832219812	1.42140288
6200000.0	1.17851512	0.6841510882000001	1.436755691756929
6378048.537	1.2700317475306333	0.7698811607122489	1.58306074
6500000.0	1.33271458	0.828600586	1.68948068
7000000.0	1.54240339	0.921167448	1.816098375
7500000.0	1.70042132	0.9635255205	1.94271607
7800000.0	1.74729933	0.988940364	1.9435627299999998
8000000.0	1.7852631	0.9980883966666666	1.94412717
8500000.0	1.79292427	1.0209584783333332	1.9455382700000001
9000000.0	1.780890635	1.04382856	1.94694937
9500000.0	1.768857	1.02558928	1.929949355
1.0E7	1.75854097	1.00735	1.91294934
1.01E7	1.756306	1.0037163968472236	1.9060711485935837
1.0141082E7	1.75538822812	1.00222364	1.90324545
1.02E7	1.754072	1.0000827972361854	1.8991926785670397
1.024113689E7	1.7531525905085	0.9985880483770536	1.89636301
1.028415441E7	1.7521911489365003	0.997024965	1.8935219823328582
1.03E7	1.751837	0.9964491996751524	1.892475484078375
1.03856209E7	1.749923372885	0.9933380788331874	1.88682078
1.04E7	1.749602	0.9928155998858893	1.8858711341824423
1.042924532E7	1.7489486595512	0.991752942	1.8839396714468648
1.05E7	1.747368	0.9891819999512131	1.8792667860830627
1.053214331E7	1.7466495970215	0.9880140406407308	1.87714393
1.05763832E7	1.7456608354800003	0.98640654	1.874222173975936
1.06E7	1.745133	0.9855483999699639	1.8726624384596602
1.061378847E7	1.7448249655802002	0.9850473821326636	1.8717518
1.07E7	1.742899	0.9819148000324781	1.8663292946613865
1.072559693E7	1.7423269086145001	0.98098471	1.8647193071159027
1.076352992E7	1.741479106288	0.9796063769907541	1.86233341
1.08E7	1.740664	0.978281200274818	1.8600395280641644
1.08769158E7	1.738945701028	0.975486388	1.8552017058219232
1.09E7	1.73843	0.9746476004133756	1.853749764137583
1.091538395E7	1.7380861687175002	0.9740886091425822	1.85278215
1.1E7	1.736195	0.971014	1.84746
1.11E7	1.729566	0.9770565999837619	1.8500226618175633
1.11551902E7	1.7259068897399998	0.980391523	1.851437
1.12E7	1.722936	0.9830992000514194	1.8525853241478678
1.13E7	1.716307	0.9891418002224072	1.8551479871096932
1.131256985E7	1.715473618945	0.989901346	1.85547011
1.14E7	1.709677	0.995184400463023	1.8577106526213083
1.146912674E7	1.7050938971379999	0.9993614530275132	1.85948214
1.147216985E7	1.7048921389449998	0.999545336	1.8595567538589173
1.15E7	1.703047	1.001226999782194	1.860239119887666
1.16E7	1.706786	1.0072695966858898	1.862691014788516
1.163093547E7	1.7079423678685999	1.0091389024382535	1.86344952
1.163402152E7	1.7080577244176	1.00932538	1.8635251868372908
1.17E7	1.710524	1.013312196616278	1.865142912703969
1.179502704E7	1.7140770610256002	1.0190543019522553	1.86747288
1.179815662E7	1.7141940760218	1.01924341	1.8675496141075991
1.18E7	1.714263	1.0193547981571867	1.8675948119038739
1.19E7	1.718001	1.0253974023509196	1.870046709845422
1.196143364E7	1.7202980037995999	1.0291095940579222	1.871553
1.196460737E7	1.7204166695643002	1.02930137	1.8716308165602082
1.2E7	1.72174	1.03144	1.8724986070538339
1.21E7	1.738182	1.0359689973207071	1.874950503094409
1.213018794E7	1.7431455010947998	1.0373362083144837	1.87569068
1.21692984E7	1.749576042928	1.03910752	1.8766496302867597
1.22E7	1.754624	1.040497995517468	1.8774024035378023
1.221059571E7	1.7563661466382001	1.040977875241821	1.8776622
1.23E7	1.771066	1.0450269956916225	1.8797413186025138
1.23409853E7	1.777805212879	1.04688322	1.880694441765391
1.238286524E7	1.7846915314132	1.0487799624265064	1.88166837
1.24E7	1.787509	1.0495559956839562	1.8820668430510175
1.25E7	1.803951	1.0540849955500171	1.884392367604718
1.251509438E7	1.8064328179596003	1.05476862	1.884743391117847
1.255756518E7	1.8134158668956	1.0566921226081545	1.88573106
1.26E7	1.820393	1.0586139956820444	1.8867178928281998
1.269165984E7	1.8354637108928	1.06276527	1.8888494663600197
1.27E7	1.836835	1.063142995961621	1.8890434189602767
1.273472982E7	1.8425452770044	1.0647159099892203	1.88985107
1.28E7	1.853277	1.0676719973431406	1.8913689466079948
1.287071631E7	1.8649041756902	1.07087474	1.8930134745187912
1.29E7	1.869719	1.0722009987006094	1.8936944750621754
1.291439393E7	1.8720857939099	1.072852899977343	1.89402921
1.3E7	1.886162	1.07673	1.89602
1.31E7	1.905535	1.085072725943341	1.9097149978899344
1.31834066E7	1.921694194684	1.09203111	1.92113753
1.32E7	1.924909	1.0934154526565267	1.9234099963554454
1.33E7	1.944283	1.1017581832393288	1.9371049977140904
1.336940074E7	1.9577286993676	1.1075481	1.94660943
1.34E7	1.963657	1.1101009127534365	1.9507999986973947
1.35E7	1.983031	1.1184436398436883	1.9644949988294076
1.355801892E7	1.9942715855608002	1.123284	1.97244069
1.36E7	2.002405	1.1267863658423778	1.9781899984850462
1.37E7	2.021779	1.1351290903325002	1.991884997482324
1.374929816E7	2.0313300255184	1.1392419	1.99863638
1.38E7	2.041153	1.1434718154506227	2.005579997887799
1.39E7	2.060527	1.1518145411793594	2.019274999662486
1.394327601E7	2.0689108614173	1.15542494	2.02520165
1.4E7	2.0799	1.1601572695730884	2.03297
1.41E7	2.082143	1.1685	2.0411136834100536
1.41975148E7	2.084330256964	1.17193252096	2.04905498
1.42E7	2.084386	1.17202	2.0492573668169656
1.43E7	2.086629	1.1804949983577626	2.0574010501006255
1.439781618E7	2.0888220387556	1.1887849180063887	2.06536689
1.44E7	2.088871	1.1889699967155252	2.0655447334659987
1.440033644E7	2.0888785463492003	1.18899851	2.065572132086627
1.449137675E7	2.0909205805025	1.196714176343078	2.07298617
1.45E7	2.091114	1.1974449967872633	2.0736779622245733
1.46E7	2.098138	1.2059199968647873	2.0817003693747016
1.460349927E7	2.0983837887248	1.20621656	2.0819810950613844
1.469582399E7	2.1048686770576	1.2140410824711891	2.08938776
1.47E7	2.105162	1.2143949994295606	2.089722776574991
1.48E7	2.112186	1.2228700020845258	2.097745184926288
1.480952835E7	2.112855271304	1.22367753	2.0985095880724285
1.49E7	2.11921	1.2313450012272167	2.105767593277585
1.490315562E7	2.1194316507488	1.2316124399834905	2.10602075
1.5E7	2.126234	1.23982	2.11379
1.51E7	2.128953	1.2467410010254083	2.1159459991116276
1.52E7	2.131672	1.253662002050817	2.118101998223256
1.5211623E7	2.1319881456000003	1.25446643	2.11835259
1.53E7	2.134392	1.2605830011033414	2.1202579973593134
1.54E7	2.137111	1.2675039998964004	2.1224139964985835
1.542623162E7	2.1378242377478003	1.26931949	2.12297955
1.55E7	2.13983	1.2744249987406893	2.124569996299374
1.56E7	2.142549	1.2813459976031956	2.1267259963353973
1.564386798E7	2.1437417703762	1.2843821	2.12767179
1.57E7	2.145268	1.2882669973554255	2.1288819965955588
1.58E7	2.147987	1.2951879978029877	2.1310379970308877
1.58645748E7	2.149742788812	1.29965722	2.13243023
1.59E7	2.150706	1.3021089985911043	2.1331939980151406
1.6E7	2.153425	1.30903	2.13535
1.62257312E7	2.14088744	1.31356043	2.13463217
1.645464706E7	2.12817299	1.31815477	2.13390422
1.65E7	2.125654	1.3190650036657057	2.1337599981452673
1.668679251E7	2.1152787941791282	1.32281393	2.133166
1.67327853E7	2.11272417	1.323737004974375	2.1330197424471646
1.692221312E7	2.102202593731366	1.32753882	2.13241736
1.696885478E7	2.09961193	1.3284749165082903	2.1322690408873473
1.7E7	2.097882	1.3291	2.13217
1.72398394E7	2.08842177	1.33405988	2.12788887
1.74830625E7	2.07882808	1.33908973	2.12354733
1.75E7	2.07816	1.33944	2.1232449958680193
1.772971704E7	2.069099503696902	1.3469517495805958	2.11914455
1.77468935E7	2.06842203	1.34751342	2.1188379501230776
1.797985144E7	2.0592337016188376	1.35513114580662	2.11467965
1.799727022E7	2.05854667	1.35570074	2.114368726329673
1.8E7	2.058439	1.35579	2.11432
1.82539476E7	2.05165657	1.36765443	2.11006638
1.85E7	2.045085	1.37915	2.1059449957982936
1.851147794E7	2.044778447328158	1.3799259085276356	2.10575274
1.87610017E7	2.03811417	1.39679371	2.1015732179467674
1.877264158E7	2.0378032919191953	1.3975805661276175	2.10137825
1.9E7	2.031731	1.41295	2.09757
1.912221295E7	2.0303744359723273	1.42304234633926	2.07321815
1.92680558E7	2.02875558	1.43508605	2.04487150952143
1.933798022E7	2.027979419124912	1.4408604079898053	2.0312807
1.95E7	2.026181	1.45424	2.0006503139251066
1.95014019E7	2.0261654389094397	1.4543233008966854	2.00038528
1.962487384E7	2.0247949003260706	1.4616600034556924	1.97752248
1.97751099E7	2.02312728	1.47058703	1.9503160944442544
1.981154908E7	2.0227228051198236	1.472752246117404	1.94371729
2.0E7	2.020631	1.48395	1.91049
2.0282164E7	2.03870643	1.50685607	1.9342736
2.05E7	2.052661	1.52454	1.952634998175183
2.056830883E7	2.057036726311825	1.5294145172547569	1.95839275
2.07892181E7	2.07118773	1.5451786	1.9770131963536712
2.085849064E7	2.0756251913696233	1.5501218896427822	1.98285218
2.1E7	2.08469	1.56022	1.99478
2.12962722E7	2.09385962	1.58331146	2.0064709
2.15E7	2.100165	1.59919	2.014509999881562
2.159672427E7	2.103158810996116	1.603915946869824	2.01832674
2.18033263E7	2.10955356	1.61401052	2.0264792541279015
2.190141517E7	2.1125896045285404	1.6188031436933947	2.03034984
2.2E7	2.115641	1.62362	2.03424
2.23103804E7	2.12419695	1.63293762	2.03607435
2.25E7	2.129424	1.63863	2.0371950033287543
2.262513971E7	2.1328736014717493	1.6411578233640887	2.03793458
2.28174345E7	2.1381744	1.64504218	2.039071041039649
2.29443397E7	2.1416726683448952	1.6476056628851234	2.03982105
2.3E7	2.143207	1.64873	2.04015
2.33244886E7	2.12535234	1.65083269	2.03962433
2.35E7	2.115695	1.65197	2.0393400003644717
2.365355515E7	2.1072454736724096	1.6527316327140293	2.03909124
2.38315427E7	2.09745153	1.65361445	2.038802899489391
2.398726424E7	2.088882797824688	1.6543868304949207	2.03855063
2.4E7	2.088182	1.65445	2.03853
2.43385968E7	2.10084958	1.65073221	2.03768012
2.45E7	2.106888	1.64896	2.0372749971279718
2.468197059E7	2.1136962461946034	1.6476607286322977	2.03681825
2.48456509E7	2.11982018	1.64649205	2.0364074143874773
2.5E7	2.125595	1.64539	2.03602
2.5352705E7	2.12592302	1.64647633	2.03484197
2.55E7	2.12606	1.64693	2.034350002492805
2.571038603E7	2.126255661368725	1.6449397487912893	2.03364731
2.58597591E7	2.12639458	1.64352668	2.0331484042865022
2.6E7	2.126525	1.6422	2.03268
2.63668132E7	2.11936187	1.6436966	2.0311724
2.65E7	2.116761	1.64424	2.030625002892785
2.673880147E7	2.112098164348979	1.6474733698330268	2.02964353
2.68738673E7	2.10946087	1.64930216	2.0290884073487354
2.7E7	2.106998	1.65101	2.02857
2.73809214E7	2.11663836	1.65407261	2.02673396
2.75E7	2.119652	1.65503	2.0261599994237294
2.776721692E7	2.126414723088055	1.660363649048228	2.02487201
2.78879755E7	2.12947088	1.66277399	2.0242899559506
2.8E7	2.132306	1.66501	2.02375
2.83950296E7	2.12076245	1.67012958	2.02159709
2.85E7	2.117695	1.67149	2.02102500002085
2.879563236E7	2.1090560310888793	1.6803944459155982	2.0194138
2.89020837E7	2.10594531	1.68360076	2.0188336420919675
2.9E7	2.103084	1.68655	2.0183
2.94091378E7	2.12312848	1.69886505	2.01582881
2.95E7	2.12758	1.7016	2.0152800015236267
2.98240478E7	2.143456401067628	1.7107187050406123	2.01332275
2.99161919E7	2.14797091	1.71331164	2.0127662003105105
3.0E7	2.152077	1.71567	2.01226
